[09-22 11:42:55 MainThread @logger.py:242] Argv: 0922.py
[09-22 11:42:57 MainThread @__init__.py:44] PARL detects two backend frameworks: paddle, torch. Use paddle by default.
[09-22 11:42:57 MainThread @__init__.py:45] To use torch as backend, `export PARL_BACKEND=torch` before running the scripts.
start
([24, 32], [])
[[0 0 0]
 [0 1 0]
 [0 1 0]
 [0 1 0]]
[[ 0 -1  1 -1  0 -1 -1]
 [ 0  1 -1 -1  0  1  1]
 [ 0  1  1  1  0 -1 -1]
 [ 0 -1 -1 -1  0  1  1]
 [ 1 -1  1 -1  0 -1  1]
 [-1  1  1 -1  1  1  1]]
[0]
0
[[ 0 -1  1 -1  0 -1 -1]
 [ 0  1 -1 -1  0  1  1]
 [ 0  1  1  1  0 -1 -1]
 [ 0 -1 -1 -1  0  1  1]
 [ 1 -1  1 -1  0 -1  1]
 [-1  1  1 -1  1  1  1]]
[0]
0
[[ 0 -1  1 -1  0 -1 -1]
 [ 0  1 -1 -1  0  1  1]
 [ 0  1  1  1  0 -1 -1]
 [ 0 -1 -1 -1  0  1  1]
 [ 1 -1  1 -1  0 -1  1]
 [-1  1  1 -1  1  1  1]]
[0]
0
[[ 0 -1  1 -1  0 -1 -1]
 [ 0  1 -1 -1  0  1  1]
 [ 0  1  1  1  0 -1 -1]
 [ 0 -1 -1 -1  0  1  1]
 [ 1 -1  1 -1  0 -1  1]
 [-1  1  1 -1  1  1  1]]
[0]
0
[[ 0 -1  1 -1  0 -1 -1]
 [ 0  1 -1 -1  0  1  1]
 [ 0  1  1  1  0 -1 -1]
 [ 0 -1 -1 -1  0  1  1]
 [ 1 -1  1 -1  0 -1  1]
 [-1  1  1 -1  1  1  1]]
[0]
0
[[ 0 -1  1 -1  0 -1 -1]
 [ 0  1 -1 -1  0  1  1]
 [ 0  1  1  1  0 -1 -1]
 [ 0 -1 -1 -1  0  1  1]
 [ 1 -1  1 -1  0 -1  1]
 [-1  1  1 -1  1  1  1]]
[0]
0
[[ 0 -1  1 -1  0 -1 -1]
 [ 0  1 -1 -1  0  1  1]
 [ 0  1  1  1  0 -1 -1]
 [ 0 -1 -1 -1  0  1  1]
 [ 1 -1  1 -1  0 -1  1]
 [-1  1  1 -1  1  1  1]]
[0]
0
[[ 0 -1  1 -1  0 -1 -1]
 [ 0  1 -1 -1  0  1  1]
 [ 0  1  1  1  0 -1 -1]
 [ 0 -1 -1 -1  0  1  1]
 [ 1 -1  1 -1  0 -1  1]
 [-1  1  1 -1  1  1  1]]
[0]
0
[[ 0 -1  1 -1  0 -1 -1]
 [ 0  1 -1 -1  0  1  1]
 [ 0  1  1  1  0 -1 -1]
 [ 0 -1 -1 -1  0  1  1]
 [ 1 -1  1 -1  0 -1  1]
 [-1  1  1 -1  1  1  1]]
[0]
0
[[ 0 -1  1 -1  0 -1 -1]
 [ 0  1 -1 -1  0  1  1]
 [ 0  1  1  1  0 -1 -1]
 [ 0 -1 -1 -1  0  1  1]
 [ 1 -1  1 -1  0 -1  1]
 [-1  1  1 -1  1  1  1]]
[0]
0
[[ 0 -1  1 -1  0 -1 -1]
 [ 0  1 -1 -1  0  1  1]
 [ 0  1  1  1  0 -1 -1]
 [ 0 -1 -1 -1  0  1  1]
 [ 1 -1  1 -1  0 -1  1]
 [-1  1  1 -1  1  1  1]]
[0]
0
[[ 0 -1  1 -1  0 -1 -1]
 [ 0  1 -1 -1  0  1  1]
 [ 0  1  1  1  0 -1 -1]
 [ 0 -1 -1 -1  0  1  1]
 [ 1 -1  1 -1  0 -1  1]
 [-1  1  1 -1  1  1  1]]
[0]
0
[[ 0 -1  1 -1  0 -1 -1]
 [ 0  1 -1 -1  0  1  1]
 [ 0  1  1  1  0 -1 -1]
 [ 0 -1 -1 -1  0  1  1]
 [ 1 -1  1 -1  0 -1  1]
 [-1  1  1 -1  1  1  1]]
[0]
0
[[ 0 -1  1 -1  0 -1 -1]
 [ 0  1 -1 -1  0  1  1]
 [ 0  1  1  1  0 -1 -1]
 [ 0 -1 -1 -1  0  1  1]
 [ 1 -1  1 -1  0 -1  1]
 [-1  1  1 -1  1  1  1]]
[0]
0
[[ 0 -1  1 -1  0 -1 -1]
 [ 0  1 -1 -1  0  1  1]
 [ 0  1  1  1  0 -1 -1]
 [ 0 -1 -1 -1  0  1  1]
 [ 1 -1  1 -1  0 -1  1]
 [-1  1  1 -1  1  1  1]]
[0]
0
[[ 0 -1  1 -1  0 -1 -1]
 [ 0  1 -1 -1  0  1  1]
 [ 0  1  1  1  0 -1 -1]
 [ 0 -1 -1 -1  0  1  1]
 [ 1 -1  1 -1  0 -1  1]
 [-1  1  1 -1  1  1  1]]
[0]
0
[[ 0 -1  1 -1  0 -1 -1]
 [ 0  1 -1 -1  0  1  1]
 [ 0  1  1  1  0 -1 -1]
 [ 0 -1 -1 -1  0  1  1]
 [ 1 -1  1 -1  0 -1  1]
 [-1  1  1 -1  1  1  1]]
[0]
0
[[ 0 -1  1 -1  0 -1 -1]
 [ 0  1 -1 -1  0  1  1]
 [ 0  1  1  1  0 -1 -1]
 [ 0 -1 -1 -1  0  1  1]
 [ 1 -1  1 -1  0 -1  1]
 [-1  1  1 -1  1  1  1]]
[0]
0
[[ 0 -1  1 -1  0 -1 -1]
 [ 0  1 -1 -1  0  1  1]
 [ 0  1  1  1  0 -1 -1]
 [ 0 -1 -1 -1  0  1  1]
 [ 1 -1  1 -1  0 -1  1]
 [-1  1  1 -1  1  1  1]]
[0]
0
[[-1  0 -1 -1 -1  0 -1]
 [ 1  1 -1 -1  1  0  1]
 [-1 -1  1  1  1  0 -1]
 [ 1  1  1 -1 -1  0  1]
 [-1 -1  1 -1  1 -1  1]
 [ 1  1 -1  1  1 -1  1]]
[1]
1
[[-1  0 -1 -1 -1  0 -1]
 [ 1  1 -1 -1  1  0  1]
 [-1 -1  1  1  1  0 -1]
 [ 1  1  1 -1 -1  0  1]
 [-1 -1  1 -1  1 -1  1]
 [ 1  1 -1  1  1 -1  1]]
[1]
1
[[-1  0 -1 -1 -1  0 -1]
 [ 1  1 -1 -1  1  0  1]
 [-1 -1  1  1  1  0 -1]
 [ 1  1  1 -1 -1  0  1]
 [-1 -1  1 -1  1 -1  1]
 [ 1  1 -1  1  1 -1  1]]
[1]
1
[[-1  0 -1 -1 -1  0 -1]
 [ 1  1 -1 -1  1  0  1]
 [-1 -1  1  1  1  0 -1]
 [ 1  1  1 -1 -1  0  1]
 [-1 -1  1 -1  1 -1  1]
 [ 1  1 -1  1  1 -1  1]]
[1]
1
[[-1  0 -1 -1 -1  0 -1]
 [ 1  1 -1 -1  1  0  1]
 [-1 -1  1  1  1  0 -1]
 [ 1  1  1 -1 -1  0  1]
 [-1 -1  1 -1  1 -1  1]
 [ 1  1 -1  1  1 -1  1]]
[1]
1
[[-1  0 -1 -1 -1  0 -1]
 [ 1  1 -1 -1  1  0  1]
 [-1 -1  1  1  1  0 -1]
 [ 1  1  1 -1 -1  0  1]
 [-1 -1  1 -1  1 -1  1]
 [ 1  1 -1  1  1 -1  1]]
[1]
1
[[-1  0 -1 -1 -1  0 -1]
 [ 1  1 -1 -1  1  0  1]
 [-1 -1  1  1  1  0 -1]
 [ 1  1  1 -1 -1  0  1]
 [-1 -1  1 -1  1 -1  1]
 [ 1  1 -1  1  1 -1  1]]
[1]
1
[[-1  0 -1 -1 -1  0 -1]
 [ 1  1 -1 -1  1  0  1]
 [-1 -1  1  1  1  0 -1]
 [ 1  1  1 -1 -1  0  1]
 [-1 -1  1 -1  1 -1  1]
 [ 1  1 -1  1  1 -1  1]]
[1]
1
[[-1  0 -1 -1 -1  0 -1]
 [ 1  1 -1 -1  1  0  1]
 [-1 -1  1  1  1  0 -1]
 [ 1  1  1 -1 -1  0  1]
 [-1 -1  1 -1  1 -1  1]
 [ 1  1 -1  1  1 -1  1]]
[1]
1
[[-1  0 -1 -1 -1  0 -1]
 [ 1  1 -1 -1  1  0  1]
 [-1 -1  1  1  1  0 -1]
 [ 1  1  1 -1 -1  0  1]
 [-1 -1  1 -1  1 -1  1]
 [ 1  1 -1  1  1 -1  1]]
[1]
1
[[-1  0 -1 -1 -1  0 -1]
 [ 1  1 -1 -1  1  0  1]
 [-1 -1  1  1  1  0 -1]
 [ 1  1  1 -1 -1  0  1]
 [-1 -1  1 -1  1 -1  1]
 [ 1  1 -1  1  1 -1  1]]
[1]
1
[[-1  0 -1 -1 -1  0 -1]
 [ 1  1 -1 -1  1  0  1]
 [-1 -1  1  1  1  0 -1]
 [ 1  1  1 -1 -1  0  1]
 [-1 -1  1 -1  1 -1  1]
 [ 1  1 -1  1  1 -1  1]]
[1]
1
[[-1  0 -1 -1 -1  0 -1]
 [ 1  1 -1 -1  1  0  1]
 [-1 -1  1  1  1  0 -1]
 [ 1  1  1 -1 -1  0  1]
 [-1 -1  1 -1  1 -1  1]
 [ 1  1 -1  1  1 -1  1]]
[1]
1
[[-1  0 -1 -1 -1  0 -1]
 [ 1  1 -1 -1  1  0  1]
 [-1 -1  1  1  1  0 -1]
 [ 1  1  1 -1 -1  0  1]
 [-1 -1  1 -1  1 -1  1]
 [ 1  1 -1  1  1 -1  1]]
[1]
1
[[-1  0 -1 -1 -1  0 -1]
 [ 1  1 -1 -1  1  0  1]
 [-1 -1  1  1  1  0 -1]
 [ 1  1  1 -1 -1  0  1]
 [-1 -1  1 -1  1 -1  1]
 [ 1  1 -1  1  1 -1  1]]
[1]
1
[[-1  0 -1 -1 -1  0 -1]
 [ 1  1 -1 -1  1  0  1]
 [-1 -1  1  1  1  0 -1]
 [ 1  1  1 -1 -1  0  1]
 [-1 -1  1 -1  1 -1  1]
 [ 1  1 -1  1  1 -1  1]]
[1]
1
[[-1  0 -1 -1 -1  0 -1]
 [ 1  1 -1 -1  1  0  1]
 [-1 -1  1  1  1  0 -1]
 [ 1  1  1 -1 -1  0  1]
 [-1 -1  1 -1  1 -1  1]
 [ 1  1 -1  1  1 -1  1]]
[1]
1
[[-1  0 -1 -1 -1  0 -1]
 [ 1  1 -1 -1  1  0  1]
 [-1 -1  1  1  1  0 -1]
 [ 1  1  1 -1 -1  0  1]
 [-1 -1  1 -1  1 -1  1]
 [ 1  1 -1  1  1 -1  1]]
[1]
1
[[-1  0 -1 -1 -1  0 -1]
 [ 1  1 -1 -1  1  0  1]
 [-1 -1  1  1  1  0 -1]
 [ 1  1  1 -1 -1  0  1]
 [-1 -1  1 -1  1 -1  1]
 [ 1  1 -1  1  1 -1  1]]
[1]
1
[[ 1  0 -1 -1  1  0  0]
 [ 1  0  1 -1  1  0  0]
 [ 1  0 -1 -1 -1  0 -1]
 [-1  0  1  1 -1  1  1]
 [ 1 -1 -1 -1  1 -1 -1]
 [ 1  1  1 -1 -1  1  1]]
[5]
5
[[ 1  0 -1 -1  1  0  0]
 [ 1  0  1 -1  1  0  0]
 [ 1  0 -1 -1 -1  0 -1]
 [-1  0  1  1 -1  1  1]
 [ 1 -1 -1 -1  1 -1 -1]
 [ 1  1  1 -1 -1  1  1]]
[5]
5
[[ 1  0 -1 -1  1  0  0]
 [ 1  0  1 -1  1  0  0]
 [ 1  0 -1 -1 -1  0 -1]
 [-1  0  1  1 -1  1  1]
 [ 1 -1 -1 -1  1 -1 -1]
 [ 1  1  1 -1 -1  1  1]]
[5]
5
[[ 1  0 -1 -1  1  0  0]
 [ 1  0  1 -1  1  0  0]
 [ 1  0 -1 -1 -1  0 -1]
 [-1  0  1  1 -1  1  1]
 [ 1 -1 -1 -1  1 -1 -1]
 [ 1  1  1 -1 -1  1  1]]
[5]
5
[[ 1  0 -1 -1  1  0  0]
 [ 1  0  1 -1  1  0  0]
 [ 1  0 -1 -1 -1  0 -1]
 [-1  0  1  1 -1  1  1]
 [ 1 -1 -1 -1  1 -1 -1]
 [ 1  1  1 -1 -1  1  1]]
[5]
5
[[ 0 -1  0 -1  0  0  0]
 [ 0  1  0 -1  0  1  1]
 [ 1  1  0  1  0 -1 -1]
 [ 1  1  0 -1 -1 -1  1]
 [-1 -1  0 -1  1 -1  1]
 [ 1 -1  0 -1  1  1  1]]
[2]
2
[[ 0 -1  0 -1  0  0  0]
 [ 0  1  0 -1  0  1  1]
 [ 1  1  0  1  0 -1 -1]
 [ 1  1  0 -1 -1 -1  1]
 [-1 -1  0 -1  1 -1  1]
 [ 1 -1  0 -1  1  1  1]]
[2]
2
[[ 0 -1  0 -1  0  0  0]
 [ 0  1  0 -1  0  1  1]
 [ 1  1  0  1  0 -1 -1]
 [ 1  1  0 -1 -1 -1  1]
 [-1 -1  0 -1  1 -1  1]
 [ 1 -1  0 -1  1  1  1]]
[2]
2
[[ 0 -1  0 -1  0  0  0]
 [ 0  1  0 -1  0  1  1]
 [ 1  1  0  1  0 -1 -1]
 [ 1  1  0 -1 -1 -1  1]
 [-1 -1  0 -1  1 -1  1]
 [ 1 -1  0 -1  1  1  1]]
[2]
2
[[ 0 -1  0 -1  0  0  0]
 [ 0  1  0 -1  0  1  1]
 [ 1  1  0  1  0 -1 -1]
 [ 1  1  0 -1 -1 -1  1]
 [-1 -1  0 -1  1 -1  1]
 [ 1 -1  0 -1  1  1  1]]
[2]
2
[[ 0 -1  0 -1  0  0  0]
 [ 0  1  0 -1  0  1  1]
 [ 1  1  0  1  0 -1 -1]
 [ 1  1  0 -1 -1 -1  1]
 [-1 -1  0 -1  1 -1  1]
 [ 1 -1  0 -1  1  1  1]]
[2]
2
[[ 0 -1  0 -1  0  0  0]
 [ 0  1  0 -1  0  1  1]
 [ 1  1  0  1  0 -1 -1]
 [ 1  1  0 -1 -1 -1  1]
 [-1 -1  0 -1  1 -1  1]
 [ 1 -1  0 -1  1  1  1]]
[2]
2
[[ 0 -1  0 -1  0  0  0]
 [ 0  1  0 -1  0  1  1]
 [ 1  1  0  1  0 -1 -1]
 [ 1  1  0 -1 -1 -1  1]
 [-1 -1  0 -1  1 -1  1]
 [ 1 -1  0 -1  1  1  1]]
[2]
2
[[ 0 -1  0 -1  0  0  0]
 [ 0  1  0 -1  0  1  1]
 [ 1  1  0  1  0 -1 -1]
 [ 1  1  0 -1 -1 -1  1]
 [-1 -1  0 -1  1 -1  1]
 [ 1 -1  0 -1  1  1  1]]
[2]
2
[[ 0 -1  0 -1  0  0  0]
 [ 0  1  0 -1  0  1  1]
 [ 1  1  0  1  0 -1 -1]
 [ 1  1  0 -1 -1 -1  1]
 [-1 -1  0 -1  1 -1  1]
 [ 1 -1  0 -1  1  1  1]]
[2]
2
[[ 0 -1  0 -1  0  0  0]
 [ 0  1  0 -1  0  1  1]
 [ 1  1  0  1  0 -1 -1]
 [ 1  1  0 -1 -1 -1  1]
 [-1 -1  0 -1  1 -1  1]
 [ 1 -1  0 -1  1  1  1]]
[2]
2
[[ 0 -1  0 -1  0  0  0]
 [ 0  1  0 -1  0  1  1]
 [ 1  1  0  1  0 -1 -1]
 [ 1  1  0 -1 -1 -1  1]
 [-1 -1  0 -1  1 -1  1]
 [ 1 -1  0 -1  1  1  1]]
[2]
2
[[ 0 -1  0 -1  0  0  0]
 [ 0  1  0 -1  0  1  1]
 [ 1  1  0  1  0 -1 -1]
 [ 1  1  0 -1 -1 -1  1]
 [-1 -1  0 -1  1 -1  1]
 [ 1 -1  0 -1  1  1  1]]
[2]
2
[[ 0 -1  0 -1  0  0  0]
 [ 0  1  0 -1  0  1  1]
 [ 1  1  0  1  0 -1 -1]
 [ 1  1  0 -1 -1 -1  1]
 [-1 -1  0 -1  1 -1  1]
 [ 1 -1  0 -1  1  1  1]]
[2]
2
[[ 0 -1  0 -1  0  0  0]
 [ 0  1  0 -1  0  1  1]
 [ 1  1  0  1  0 -1 -1]
 [ 1  1  0 -1 -1 -1  1]
 [-1 -1  0 -1  1 -1  1]
 [ 1 -1  0 -1  1  1  1]]
[2]
2
[[-1  1  0 -1  0  0  0]
 [ 1 -1  0  1 -1  1  0]
 [-1  1  0  1  1 -1  0]
 [ 1 -1  0 -1 -1 -1  0]
 [ 1 -1  0 -1  1 -1  1]
 [-1  1  1  1 -1  1  1]]
[6]
6
[[-1  1  0 -1  0  0  0]
 [ 1 -1  0  1 -1  1  0]
 [-1  1  0  1  1 -1  0]
 [ 1 -1  0 -1 -1 -1  0]
 [ 1 -1  0 -1  1 -1  1]
 [-1  1  1  1 -1  1  1]]
[6]
6
[[-1  1  0 -1  0  0  0]
 [ 1 -1  0  1 -1  1  0]
 [-1  1  0  1  1 -1  0]
 [ 1 -1  0 -1 -1 -1  0]
 [ 1 -1  0 -1  1 -1  1]
 [-1  1  1  1 -1  1  1]]
[6]
6
[[-1  1  0 -1  0  0  0]
 [ 1 -1  0  1 -1  1  0]
 [-1  1  0  1  1 -1  0]
 [ 1 -1  0 -1 -1 -1  0]
 [ 1 -1  0 -1  1 -1  1]
 [-1  1  1  1 -1  1  1]]
[6]
6
[[-1  1  0 -1  0  0  0]
 [ 1 -1  0  1 -1  1  0]
 [-1  1  0  1  1 -1  0]
 [ 1 -1  0 -1 -1 -1  0]
 [ 1 -1  0 -1  1 -1  1]
 [-1  1  1  1 -1  1  1]]
[6]
6
[[-1  1  0 -1  0  0  0]
 [ 1 -1  0  1 -1  1  0]
 [-1  1  0  1  1 -1  0]
 [ 1 -1  0 -1 -1 -1  0]
 [ 1 -1  0 -1  1 -1  1]
 [-1  1  1  1 -1  1  1]]
[6]
6
[[-1  1  0 -1  0  0  0]
 [ 1 -1  0  1 -1  1  0]
 [-1  1  0  1  1 -1  0]
 [ 1 -1  0 -1 -1 -1  0]
 [ 1 -1  0 -1  1 -1  1]
 [-1  1  1  1 -1  1  1]]
[6]
6
[[-1  1  0 -1  0  0  0]
 [ 1 -1  0  1 -1  1  0]
 [-1  1  0  1  1 -1  0]
 [ 1 -1  0 -1 -1 -1  0]
 [ 1 -1  0 -1  1 -1  1]
 [-1  1  1  1 -1  1  1]]
[6]
6
[[-1  1  0 -1  0  0  0]
 [ 1 -1  0  1 -1  1  0]
 [-1  1  0  1  1 -1  0]
 [ 1 -1  0 -1 -1 -1  0]
 [ 1 -1  0 -1  1 -1  1]
 [-1  1  1  1 -1  1  1]]
[6]
6
[[-1  1  0 -1  0  0  0]
 [ 1 -1  0  1 -1  1  0]
 [-1  1  0  1  1 -1  0]
 [ 1 -1  0 -1 -1 -1  0]
 [ 1 -1  0 -1  1 -1  1]
 [-1  1  1  1 -1  1  1]]
[6]
6
[[-1  1  0 -1  0  0  0]
 [ 1 -1  0  1 -1  1  0]
 [-1  1  0  1  1 -1  0]
 [ 1 -1  0 -1 -1 -1  0]
 [ 1 -1  0 -1  1 -1  1]
 [-1  1  1  1 -1  1  1]]
[6]
6
[[-1 -1  0  0  0  0 -1]
 [ 1  1  0  1  1  0  1]
 [-1 -1  0 -1 -1  0 -1]
 [ 1 -1  0 -1 -1  1  1]
 [ 1 -1  0  1 -1 -1  1]
 [ 1  1  0 -1  1  1  1]]
[5]
5
[[-1 -1  0  0  0  0 -1]
 [ 1  1  0  1  1  0  1]
 [-1 -1  0 -1 -1  0 -1]
 [ 1 -1  0 -1 -1  1  1]
 [ 1 -1  0  1 -1 -1  1]
 [ 1  1  0 -1  1  1  1]]
[5]
5
[[-1 -1  0  0  0  0 -1]
 [ 1  1  0  1  1  0  1]
 [-1 -1  0 -1 -1  0 -1]
 [ 1 -1  0 -1 -1  1  1]
 [ 1 -1  0  1 -1 -1  1]
 [ 1  1  0 -1  1  1  1]]
[5]
5
[[-1 -1  0  0  0  0 -1]
 [ 1  1  0  1  1  0  1]
 [-1 -1  0 -1 -1  0 -1]
 [ 1 -1  0 -1 -1  1  1]
 [ 1 -1  0  1 -1 -1  1]
 [ 1  1  0 -1  1  1  1]]
[5]
5
[[-1 -1  0  0  0  0 -1]
 [ 1  1  0  1  1  0  1]
 [-1 -1  0 -1 -1  0 -1]
 [ 1 -1  0 -1 -1  1  1]
 [ 1 -1  0  1 -1 -1  1]
 [ 1  1  0 -1  1  1  1]]
[5]
5
[[-1 -1  0  0  0  0 -1]
 [ 1  1  0  1  1  0  1]
 [-1 -1  0 -1 -1  0 -1]
 [ 1 -1  0 -1 -1  1  1]
 [ 1 -1  0  1 -1 -1  1]
 [ 1  1  0 -1  1  1  1]]
[5]
5
[[-1 -1  0  0  0  0 -1]
 [ 1  1  0  1  1  0  1]
 [-1 -1  0 -1 -1  0 -1]
 [ 1 -1  0 -1 -1  1  1]
 [ 1 -1  0  1 -1 -1  1]
 [ 1  1  0 -1  1  1  1]]
[5]
5
[[-1 -1  0  0  0  0 -1]
 [ 1  1  0  1  1  0  1]
 [-1 -1  0 -1 -1  0 -1]
 [ 1 -1  0 -1 -1  1  1]
 [ 1 -1  0  1 -1 -1  1]
 [ 1  1  0 -1  1  1  1]]
[5]
5
[[-1 -1  0  0  0  0 -1]
 [ 1  1  0  1  1  0  1]
 [-1 -1  0 -1 -1  0 -1]
 [ 1 -1  0 -1 -1  1  1]
 [ 1 -1  0  1 -1 -1  1]
 [ 1  1  0 -1  1  1  1]]
[5]
5
[[-1 -1  0  0  0  0 -1]
 [ 1  1  0  1  1  0  1]
 [-1 -1  0 -1 -1  0 -1]
 [ 1 -1  0 -1 -1  1  1]
 [ 1 -1  0  1 -1 -1  1]
 [ 1  1  0 -1  1  1  1]]
[5]
5
[[-1 -1  0  0  0  0 -1]
 [ 1  1  0  1  1  0  1]
 [-1 -1  0 -1 -1  0 -1]
 [ 1 -1  0 -1 -1  1  1]
 [ 1 -1  0  1 -1 -1  1]
 [ 1  1  0 -1  1  1  1]]
[5]
5
[[-1 -1  0  0  0  0 -1]
 [ 1  1  0  1  1  0  1]
 [-1 -1  0 -1 -1  0 -1]
 [ 1 -1  0 -1 -1  1  1]
 [ 1 -1  0  1 -1 -1  1]
 [ 1  1  0 -1  1  1  1]]
[5]
5
[[-1 -1  0  0  0  0 -1]
 [ 1  1  0  1  1  0  1]
 [-1 -1  0 -1 -1  0 -1]
 [ 1 -1  0 -1 -1  1  1]
 [ 1 -1  0  1 -1 -1  1]
 [ 1  1  0 -1  1  1  1]]
[5]
5
[[-1 -1  0  0  0  0 -1]
 [ 1  1  0  1  1  0  1]
 [-1 -1  0 -1 -1  0 -1]
 [ 1 -1  0 -1 -1  1  1]
 [ 1 -1  0  1 -1 -1  1]
 [ 1  1  0 -1  1  1  1]]
[5]
5
[[-1 -1  0  0  0  0 -1]
 [ 1  1  0  1  1  0  1]
 [-1 -1  0 -1 -1  0 -1]
 [ 1 -1  0 -1 -1  1  1]
 [ 1 -1  0  1 -1 -1  1]
 [ 1  1  0 -1  1  1  1]]
[5]
5
[[-1 -1  0  0  0  0 -1]
 [ 1  1  0  1  1  0  1]
 [-1 -1  0 -1 -1  0 -1]
 [ 1 -1  0 -1 -1  1  1]
 [ 1 -1  0  1 -1 -1  1]
 [ 1  1  0 -1  1  1  1]]
[5]
5
[[-1 -1  0  0  0  0 -1]
 [ 1  1  0  1  1  0  1]
 [-1 -1  0 -1 -1  0 -1]
 [ 1 -1  0 -1 -1  1  1]
 [ 1 -1  0  1 -1 -1  1]
 [ 1  1  0 -1  1  1  1]]
[5]
5
[[-1 -1  0  0  0  0 -1]
 [ 1  1  0  1  1  0  1]
 [-1 -1  0 -1 -1  0 -1]
 [ 1 -1  0 -1 -1  1  1]
 [ 1 -1  0  1 -1 -1  1]
 [ 1  1  0 -1  1  1  1]]
[5]
5
[[-1 -1  0  0  0  0 -1]
 [ 1  1  0  1  1  0  1]
 [-1 -1  0 -1 -1  0 -1]
 [ 1 -1  0 -1 -1  1  1]
 [ 1 -1  0  1 -1 -1  1]
 [ 1  1  0 -1  1  1  1]]
[5]
5
[[-1 -1  0  0  0  0 -1]
 [ 1  1  0  1  1  0  1]
 [-1 -1  0 -1 -1  0 -1]
 [ 1 -1  0 -1 -1  1  1]
 [ 1 -1  0  1 -1 -1  1]
 [ 1  1  0 -1  1  1  1]]
[5]
5
[[-1 -1  0  0  0  0 -1]
 [ 1  1  0  1  1  0  1]
 [-1 -1  0 -1 -1  0 -1]
 [ 1 -1  0 -1 -1  1  1]
 [ 1 -1  0  1 -1 -1  1]
 [ 1  1  0 -1  1  1  1]]
[5]
5
[[ 0  0  0  0  0  0  0]
 [ 0  1  0  0  0  0  0]
 [ 0 -1  0  0  0  0  0]
 [ 1  1  0 -1  0  0  0]
 [ 1 -1  0 -1  0  0  0]
 [ 1  1  0 -1  0  0  0]]
[3]
3
[[ 0 -1  1  1  0  0  0]
 [ 0  1 -1 -1  0  0  0]
 [ 0 -1 -1 -1  0  0 -1]
 [ 0  1 -1 -1  1  0  1]
 [ 1 -1  1  1 -1 -1  1]
 [ 1  1 -1  1 -1  1  1]]
[4]
4
[[ 0 -1  1  1  0  0  0]
 [ 0  1 -1 -1  0  0  0]
 [ 0 -1 -1 -1  0  0 -1]
 [ 0  1 -1 -1  1  0  1]
 [ 1 -1  1  1 -1 -1  1]
 [ 1  1 -1  1 -1  1  1]]
[4]
4
[[ 0 -1  1  1  0  0  0]
 [ 0  1 -1 -1  0  0  0]
 [ 0 -1 -1 -1  0  0 -1]
 [ 0  1 -1 -1  1  0  1]
 [ 1 -1  1  1 -1 -1  1]
 [ 1  1 -1  1 -1  1  1]]
[4]
4
[[ 0 -1  1  1  0  0  0]
 [ 0  1 -1 -1  0  0  0]
 [ 0 -1 -1 -1  0  0 -1]
 [ 0  1 -1 -1  1  0  1]
 [ 1 -1  1  1 -1 -1  1]
 [ 1  1 -1  1 -1  1  1]]
[4]
4
[[ 0 -1  1  1  0  0  0]
 [ 0  1 -1 -1  0  0  0]
 [ 0 -1 -1 -1  0  0 -1]
 [ 0  1 -1 -1  1  0  1]
 [ 1 -1  1  1 -1 -1  1]
 [ 1  1 -1  1 -1  1  1]]
[4]
4
[[ 0 -1  1  1  0  0  0]
 [ 0  1 -1 -1  0  0  0]
 [ 0 -1 -1 -1  0  0 -1]
 [ 0  1 -1 -1  1  0  1]
 [ 1 -1  1  1 -1 -1  1]
 [ 1  1 -1  1 -1  1  1]]
[4]
4
[[ 0 -1  1  1  0  0  0]
 [ 0  1 -1 -1  0  0  0]
 [ 0 -1 -1 -1  0  0 -1]
 [ 0  1 -1 -1  1  0  1]
 [ 1 -1  1  1 -1 -1  1]
 [ 1  1 -1  1 -1  1  1]]
[4]
4
[[ 0 -1  1  1  0  0  0]
 [ 0  1 -1 -1  0  0  0]
 [ 0 -1 -1 -1  0  0 -1]
 [ 0  1 -1 -1  1  0  1]
 [ 1 -1  1  1 -1 -1  1]
 [ 1  1 -1  1 -1  1  1]]
[4]
4
[[ 0 -1  1  1  0  0  0]
 [ 0  1 -1 -1  0  0  0]
 [ 0 -1 -1 -1  0  0 -1]
 [ 0  1 -1 -1  1  0  1]
 [ 1 -1  1  1 -1 -1  1]
 [ 1  1 -1  1 -1  1  1]]
[4]
4
[[ 0 -1  1  1  0  0  0]
 [ 0  1 -1 -1  0  0  0]
 [ 0 -1 -1 -1  0  0 -1]
 [ 0  1 -1 -1  1  0  1]
 [ 1 -1  1  1 -1 -1  1]
 [ 1  1 -1  1 -1  1  1]]
[4]
4
[[ 0 -1  1  1  0  0  0]
 [ 0  1 -1 -1  0  0  0]
 [ 0 -1 -1 -1  0  0 -1]
 [ 0  1 -1 -1  1  0  1]
 [ 1 -1  1  1 -1 -1  1]
 [ 1  1 -1  1 -1  1  1]]
[4]
4
[[ 0 -1  1  1  0  0  0]
 [ 0  1 -1 -1  0  0  0]
 [ 0 -1 -1 -1  0  0 -1]
 [ 0  1 -1 -1  1  0  1]
 [ 1 -1  1  1 -1 -1  1]
 [ 1  1 -1  1 -1  1  1]]
[4]
4
[[ 0 -1  1  1  0  0  0]
 [ 0  1 -1 -1  0  0  0]
 [ 0 -1 -1 -1  0  0 -1]
 [ 0  1 -1 -1  1  0  1]
 [ 1 -1  1  1 -1 -1  1]
 [ 1  1 -1  1 -1  1  1]]
[4]
4
[[ 0  0  1  1  0  0  0]
 [ 1  0 -1 -1 -1  0  0]
 [-1  0 -1 -1  1 -1  0]
 [ 1  0 -1 -1 -1  1  0]
 [ 1  0  1  1 -1  1  0]
 [ 1  0 -1  1  1  1 -1]]
[5]
5
[[ 0  0  1  1  0  0  0]
 [ 1  0 -1 -1 -1  0  0]
 [-1  0 -1 -1  1 -1  0]
 [ 1  0 -1 -1 -1  1  0]
 [ 1  0  1  1 -1  1  0]
 [ 1  0 -1  1  1  1 -1]]
[5]
5
[[ 0  0  1  1  0  0  0]
 [ 1  0 -1 -1 -1  0  0]
 [-1  0 -1 -1  1 -1  0]
 [ 1  0 -1 -1 -1  1  0]
 [ 1  0  1  1 -1  1  0]
 [ 1  0 -1  1  1  1 -1]]
[5]
5
[[ 0  0  1  1  0  0  0]
 [ 1  0 -1 -1 -1  0  0]
 [-1  0 -1 -1  1 -1  0]
 [ 1  0 -1 -1 -1  1  0]
 [ 1  0  1  1 -1  1  0]
 [ 1  0 -1  1  1  1 -1]]
[5]
5
[[ 0  0  1  1  0  0  0]
 [ 1  0 -1 -1 -1  0  0]
 [-1  0 -1 -1  1 -1  0]
 [ 1  0 -1 -1 -1  1  0]
 [ 1  0  1  1 -1  1  0]
 [ 1  0 -1  1  1  1 -1]]
[5]
5
[[ 0  0  1  1  0  0  0]
 [ 1  0 -1 -1 -1  0  0]
 [-1  0 -1 -1  1 -1  0]
 [ 1  0 -1 -1 -1  1  0]
 [ 1  0  1  1 -1  1  0]
 [ 1  0 -1  1  1  1 -1]]
[5]
5
[[ 0  0  1  1  0  0  0]
 [ 1  0 -1 -1 -1  0  0]
 [-1  0 -1 -1  1 -1  0]
 [ 1  0 -1 -1 -1  1  0]
 [ 1  0  1  1 -1  1  0]
 [ 1  0 -1  1  1  1 -1]]
[5]
5
[[ 0  0  1  1  0  0  0]
 [ 1  0 -1 -1 -1  0  0]
 [-1  0 -1 -1  1 -1  0]
 [ 1  0 -1 -1 -1  1  0]
 [ 1  0  1  1 -1  1  0]
 [ 1  0 -1  1  1  1 -1]]
[5]
5
[[ 0  0  1  1  0  0  0]
 [ 1  0 -1 -1 -1  0  0]
 [-1  0 -1 -1  1 -1  0]
 [ 1  0 -1 -1 -1  1  0]
 [ 1  0  1  1 -1  1  0]
 [ 1  0 -1  1  1  1 -1]]
[5]
5
[[ 0  0  1  1  0  0  0]
 [ 1  0 -1 -1 -1  0  0]
 [-1  0 -1 -1  1 -1  0]
 [ 1  0 -1 -1 -1  1  0]
 [ 1  0  1  1 -1  1  0]
 [ 1  0 -1  1  1  1 -1]]
[5]
5
[[ 0  0  1  1  0  0  0]
 [ 1  0 -1 -1 -1  0  0]
 [-1  0 -1 -1  1 -1  0]
 [ 1  0 -1 -1 -1  1  0]
 [ 1  0  1  1 -1  1  0]
 [ 1  0 -1  1  1  1 -1]]
[5]
5
[[ 0  0  1  1  0  0  0]
 [ 1  0 -1 -1 -1  0  0]
 [-1  0 -1 -1  1 -1  0]
 [ 1  0 -1 -1 -1  1  0]
 [ 1  0  1  1 -1  1  0]
 [ 1  0 -1  1  1  1 -1]]
[5]
5
[[ 0  0  1  1  0  0  0]
 [ 1  0 -1 -1 -1  0  0]
 [-1  0 -1 -1  1 -1  0]
 [ 1  0 -1 -1 -1  1  0]
 [ 1  0  1  1 -1  1  0]
 [ 1  0 -1  1  1  1 -1]]
[5]
5
[[ 0  0  1  1  0  0  0]
 [ 1  0 -1 -1 -1  0  0]
 [-1  0 -1 -1  1 -1  0]
 [ 1  0 -1 -1 -1  1  0]
 [ 1  0  1  1 -1  1  0]
 [ 1  0 -1  1  1  1 -1]]
[5]
5
[[-1 -1  0  1  1  0 -1]
 [ 1  1  0 -1 -1  0  1]
 [-1  1  0 -1  1  0 -1]
 [ 1  1  0 -1 -1  0  1]
 [-1 -1  0  1 -1  1 -1]
 [ 1  1 -1 -1  1  1  1]]
[5]
5
[[-1 -1  0  1  1  0 -1]
 [ 1  1  0 -1 -1  0  1]
 [-1  1  0 -1  1  0 -1]
 [ 1  1  0 -1 -1  0  1]
 [-1 -1  0  1 -1  1 -1]
 [ 1  1 -1 -1  1  1  1]]
[5]
5
[[-1 -1  0  1  1  0 -1]
 [ 1  1  0 -1 -1  0  1]
 [-1  1  0 -1  1  0 -1]
 [ 1  1  0 -1 -1  0  1]
 [-1 -1  0  1 -1  1 -1]
 [ 1  1 -1 -1  1  1  1]]
[5]
5
[[-1 -1  0  1  1  0 -1]
 [ 1  1  0 -1 -1  0  1]
 [-1  1  0 -1  1  0 -1]
 [ 1  1  0 -1 -1  0  1]
 [-1 -1  0  1 -1  1 -1]
 [ 1  1 -1 -1  1  1  1]]
[5]
5
[[-1 -1  0  1  1  0 -1]
 [ 1  1  0 -1 -1  0  1]
 [-1  1  0 -1  1  0 -1]
 [ 1  1  0 -1 -1  0  1]
 [-1 -1  0  1 -1  1 -1]
 [ 1  1 -1 -1  1  1  1]]
[5]
5
[[-1 -1  0  1  1  0 -1]
 [ 1  1  0 -1 -1  0  1]
 [-1  1  0 -1  1  0 -1]
 [ 1  1  0 -1 -1  0  1]
 [-1 -1  0  1 -1  1 -1]
 [ 1  1 -1 -1  1  1  1]]
[5]
5
[[-1 -1  0  1  1  0 -1]
 [ 1  1  0 -1 -1  0  1]
 [-1  1  0 -1  1  0 -1]
 [ 1  1  0 -1 -1  0  1]
 [-1 -1  0  1 -1  1 -1]
 [ 1  1 -1 -1  1  1  1]]
[5]
5
[[-1 -1  0  1  1  0 -1]
 [ 1  1  0 -1 -1  0  1]
 [-1  1  0 -1  1  0 -1]
 [ 1  1  0 -1 -1  0  1]
 [-1 -1  0  1 -1  1 -1]
 [ 1  1 -1 -1  1  1  1]]
[5]
5
[[-1 -1  0  1  1  0 -1]
 [ 1  1  0 -1 -1  0  1]
 [-1  1  0 -1  1  0 -1]
 [ 1  1  0 -1 -1  0  1]
 [-1 -1  0  1 -1  1 -1]
 [ 1  1 -1 -1  1  1  1]]
[5]
5
[[-1 -1  0  1  1  0 -1]
 [ 1  1  0 -1 -1  0  1]
 [-1  1  0 -1  1  0 -1]
 [ 1  1  0 -1 -1  0  1]
 [-1 -1  0  1 -1  1 -1]
 [ 1  1 -1 -1  1  1  1]]
[5]
5
[[-1 -1  0  1  1  0 -1]
 [ 1  1  0 -1 -1  0  1]
 [-1  1  0 -1  1  0 -1]
 [ 1  1  0 -1 -1  0  1]
 [-1 -1  0  1 -1  1 -1]
 [ 1  1 -1 -1  1  1  1]]
[5]
5
[[-1 -1  0  1  1  0 -1]
 [ 1  1  0 -1 -1  0  1]
 [-1  1  0 -1  1  0 -1]
 [ 1  1  0 -1 -1  0  1]
 [-1 -1  0  1 -1  1 -1]
 [ 1  1 -1 -1  1  1  1]]
[5]
5
[[-1 -1  0  1  1  0 -1]
 [ 1  1  0 -1 -1  0  1]
 [-1  1  0 -1  1  0 -1]
 [ 1  1  0 -1 -1  0  1]
 [-1 -1  0  1 -1  1 -1]
 [ 1  1 -1 -1  1  1  1]]
[5]
5
[[-1 -1  0  1  1  0 -1]
 [ 1  1  0 -1 -1  0  1]
 [-1  1  0 -1  1  0 -1]
 [ 1  1  0 -1 -1  0  1]
 [-1 -1  0  1 -1  1 -1]
 [ 1  1 -1 -1  1  1  1]]
[5]
5
[[-1 -1  0  1  1  0 -1]
 [ 1  1  0 -1 -1  0  1]
 [-1  1  0 -1  1  0 -1]
 [ 1  1  0 -1 -1  0  1]
 [-1 -1  0  1 -1  1 -1]
 [ 1  1 -1 -1  1  1  1]]
[5]
5
[[-1 -1  0  1  1  0 -1]
 [ 1  1  0 -1 -1  0  1]
 [-1  1  0 -1  1  0 -1]
 [ 1  1  0 -1 -1  0  1]
 [-1 -1  0  1 -1  1 -1]
 [ 1  1 -1 -1  1  1  1]]
[5]
5
[[-1 -1  0  1  1  0 -1]
 [ 1  1  0 -1 -1  0  1]
 [-1  1  0 -1  1  0 -1]
 [ 1  1  0 -1 -1  0  1]
 [-1 -1  0  1 -1  1 -1]
 [ 1  1 -1 -1  1  1  1]]
[5]
5
[[-1 -1  0  1  1  0 -1]
 [ 1  1  0 -1 -1  0  1]
 [-1  1  0 -1  1  0 -1]
 [ 1  1  0 -1 -1  0  1]
 [-1 -1  0  1 -1  1 -1]
 [ 1  1 -1 -1  1  1  1]]
[5]
5
[[-1 -1  0  1  1  0 -1]
 [ 1  1  0 -1 -1  0  1]
 [-1  1  0 -1  1  0 -1]
 [ 1  1  0 -1 -1  0  1]
 [-1 -1  0  1 -1  1 -1]
 [ 1  1 -1 -1  1  1  1]]
[5]
5
[[-1 -1  0  1  1  0 -1]
 [ 1  1  0 -1 -1  0  1]
 [-1  1  0 -1  1  0 -1]
 [ 1  1  0 -1 -1  0  1]
 [-1 -1  0  1 -1  1 -1]
 [ 1  1 -1 -1  1  1  1]]
[5]
5
[[-1 -1  0  1  1  0 -1]
 [ 1  1  0 -1 -1  0  1]
 [-1  1  0 -1  1  0 -1]
 [ 1  1  0 -1 -1  0  1]
 [-1 -1  0  1 -1  1 -1]
 [ 1  1 -1 -1  1  1  1]]
[5]
5
[[ 0  0  1  1  0  0  0]
 [ 0  1 -1 -1  0  0  0]
 [ 0 -1 -1 -1  0  0  0]
 [ 0  1 -1 -1 -1  0  0]
 [ 0 -1  1  1 -1  0  0]
 [ 1  1  1 -1  1  1  1]]
[1, 4, 5]
1
[[ 0  0  1  1  0  0  0]
 [ 0  1 -1 -1  0  0  0]
 [ 0 -1 -1 -1  0  0  0]
 [ 0  1 -1 -1 -1  0  0]
 [ 0 -1  1  1 -1  0  0]
 [ 1  1  1 -1  1  1  1]]
[1, 4, 5]
1
[[ 0  0  1  1  0  0  0]
 [ 0  1 -1 -1  0  0  0]
 [ 0 -1 -1 -1  0  0  0]
 [ 0  1 -1 -1 -1  0  0]
 [ 0 -1  1  1 -1  0  0]
 [ 1  1  1 -1  1  1  1]]
[1, 4, 5]
1
[[ 0  0  1  1  0  0  0]
 [ 0  1 -1 -1  0  0  0]
 [ 0 -1 -1 -1  0  0  0]
 [ 0  1 -1 -1 -1  0  0]
 [ 0 -1  1  1 -1  0  0]
 [ 1  1  1 -1  1  1  1]]
[1, 4, 5]
1
[[ 0  0  1  1  0  0  0]
 [ 0  1 -1 -1  0  0  0]
 [ 0 -1 -1 -1  0  0  0]
 [ 0  1 -1 -1 -1  0  0]
 [ 0 -1  1  1 -1  0  0]
 [ 1  1  1 -1  1  1  1]]
[1, 4, 5]
1
[[ 0  0  1  1  0  0  0]
 [ 0  1 -1 -1  0  0  0]
 [ 0 -1 -1 -1  0  0  0]
 [ 0  1 -1 -1 -1  0  0]
 [ 0 -1  1  1 -1  0  0]
 [ 1  1  1 -1  1  1  1]]
[1, 4, 5]
1
[[ 0  0  1  1  0  0  0]
 [ 0  1 -1 -1  0  0  0]
 [ 0 -1 -1 -1  0  0  0]
 [ 0  1 -1 -1 -1  0  0]
 [ 0 -1  1  1 -1  0  0]
 [ 1  1  1 -1  1  1  1]]
[1, 4, 5]
1
[[ 0  0  1  1  0  0  0]
 [ 0  1 -1 -1  0  0  0]
 [ 0 -1 -1 -1  0  0  0]
 [ 0  1 -1 -1 -1  0  0]
 [ 0 -1  1  1 -1  0  0]
 [ 1  1  1 -1  1  1  1]]
[1, 4, 5]
1
[[ 0  0  1  1  0  0  0]
 [ 0  1 -1 -1  0  0  0]
 [ 0 -1 -1 -1  0  0  0]
 [ 0  1 -1 -1 -1  0  0]
 [ 0 -1  1  1 -1  0  0]
 [ 1  1  1 -1  1  1  1]]
[1, 4, 5]
1
[[ 0  0  1  1  0  0  0]
 [ 0  1 -1 -1  0  0  0]
 [ 0 -1 -1 -1  0  0  0]
 [ 0  1 -1 -1 -1  0  0]
 [ 0 -1  1  1 -1  0  0]
 [ 1  1  1 -1  1  1  1]]
[1, 4, 5]
1
[[ 0  0  1  1  0  0  0]
 [ 0  1 -1 -1  0  0  0]
 [ 0 -1 -1 -1  0  0  0]
 [ 0  1 -1 -1 -1  0  0]
 [ 0 -1  1  1 -1  0  0]
 [ 1  1  1 -1  1  1  1]]
[1, 4, 5]
1
[[ 1  0 -1 -1 -1  0 -1]
 [-1  1  1 -1  1  0  1]
 [ 1 -1 -1  1  1 -1 -1]
 [-1  1  1 -1 -1  1 -1]
 [ 1 -1 -1 -1  1  1  1]
 [ 1 -1  1 -1  1  1  1]]
[1]
1
[[ 1  0 -1 -1 -1  0 -1]
 [-1  1  1 -1  1  0  1]
 [ 1 -1 -1  1  1 -1 -1]
 [-1  1  1 -1 -1  1 -1]
 [ 1 -1 -1 -1  1  1  1]
 [ 1 -1  1 -1  1  1  1]]
[1]
1
[[ 1  0 -1 -1 -1  0 -1]
 [-1  1  1 -1  1  0  1]
 [ 1 -1 -1  1  1 -1 -1]
 [-1  1  1 -1 -1  1 -1]
 [ 1 -1 -1 -1  1  1  1]
 [ 1 -1  1 -1  1  1  1]]
[1]
1
[[ 1  0 -1 -1 -1  0 -1]
 [-1  1  1 -1  1  0  1]
 [ 1 -1 -1  1  1 -1 -1]
 [-1  1  1 -1 -1  1 -1]
 [ 1 -1 -1 -1  1  1  1]
 [ 1 -1  1 -1  1  1  1]]
[1]
1
[[ 1  0 -1 -1 -1  0 -1]
 [-1  1  1 -1  1  0  1]
 [ 1 -1 -1  1  1 -1 -1]
 [-1  1  1 -1 -1  1 -1]
 [ 1 -1 -1 -1  1  1  1]
 [ 1 -1  1 -1  1  1  1]]
[1]
1
[[ 1  0 -1 -1 -1  0 -1]
 [-1  1  1 -1  1  0  1]
 [ 1 -1 -1  1  1 -1 -1]
 [-1  1  1 -1 -1  1 -1]
 [ 1 -1 -1 -1  1  1  1]
 [ 1 -1  1 -1  1  1  1]]
[1]
1
[[ 1  0 -1 -1 -1  0 -1]
 [-1  1  1 -1  1  0  1]
 [ 1 -1 -1  1  1 -1 -1]
 [-1  1  1 -1 -1  1 -1]
 [ 1 -1 -1 -1  1  1  1]
 [ 1 -1  1 -1  1  1  1]]
[1]
1
[[ 1  0 -1 -1 -1  0 -1]
 [-1  1  1 -1  1  0  1]
 [ 1 -1 -1  1  1 -1 -1]
 [-1  1  1 -1 -1  1 -1]
 [ 1 -1 -1 -1  1  1  1]
 [ 1 -1  1 -1  1  1  1]]
[1]
1
[[ 1  0 -1 -1 -1  0 -1]
 [-1  1  1 -1  1  0  1]
 [ 1 -1 -1  1  1 -1 -1]
 [-1  1  1 -1 -1  1 -1]
 [ 1 -1 -1 -1  1  1  1]
 [ 1 -1  1 -1  1  1  1]]
[1]
1
[[ 1  0 -1 -1 -1  0 -1]
 [-1  1  1 -1  1  0  1]
 [ 1 -1 -1  1  1 -1 -1]
 [-1  1  1 -1 -1  1 -1]
 [ 1 -1 -1 -1  1  1  1]
 [ 1 -1  1 -1  1  1  1]]
[1]
1
[[ 1  0 -1 -1 -1  0 -1]
 [-1  1  1 -1  1  0  1]
 [ 1 -1 -1  1  1 -1 -1]
 [-1  1  1 -1 -1  1 -1]
 [ 1 -1 -1 -1  1  1  1]
 [ 1 -1  1 -1  1  1  1]]
[1]
1
[[ 1  0 -1 -1 -1  0 -1]
 [-1  1  1 -1  1  0  1]
 [ 1 -1 -1  1  1 -1 -1]
 [-1  1  1 -1 -1  1 -1]
 [ 1 -1 -1 -1  1  1  1]
 [ 1 -1  1 -1  1  1  1]]
[1]
1
[[ 1  0 -1 -1 -1  0 -1]
 [-1  1  1 -1  1  0  1]
 [ 1 -1 -1  1  1 -1 -1]
 [-1  1  1 -1 -1  1 -1]
 [ 1 -1 -1 -1  1  1  1]
 [ 1 -1  1 -1  1  1  1]]
[1]
1
[[ 1  0 -1 -1 -1  0 -1]
 [-1  1  1 -1  1  0  1]
 [ 1 -1 -1  1  1 -1 -1]
 [-1  1  1 -1 -1  1 -1]
 [ 1 -1 -1 -1  1  1  1]
 [ 1 -1  1 -1  1  1  1]]
[1]
1
[[ 1  0 -1 -1 -1  0 -1]
 [-1  1  1 -1  1  0  1]
 [ 1 -1 -1  1  1 -1 -1]
 [-1  1  1 -1 -1  1 -1]
 [ 1 -1 -1 -1  1  1  1]
 [ 1 -1  1 -1  1  1  1]]
[1]
1
[[ 1  0 -1 -1 -1  0 -1]
 [-1  1  1 -1  1  0  1]
 [ 1 -1 -1  1  1 -1 -1]
 [-1  1  1 -1 -1  1 -1]
 [ 1 -1 -1 -1  1  1  1]
 [ 1 -1  1 -1  1  1  1]]
[1]
1
[[ 1  0 -1 -1 -1  0 -1]
 [-1  1  1 -1  1  0  1]
 [ 1 -1 -1  1  1 -1 -1]
 [-1  1  1 -1 -1  1 -1]
 [ 1 -1 -1 -1  1  1  1]
 [ 1 -1  1 -1  1  1  1]]
[1]
1
[[ 1  0 -1 -1 -1  0 -1]
 [-1  1  1 -1  1  0  1]
 [ 1 -1 -1  1  1 -1 -1]
 [-1  1  1 -1 -1  1 -1]
 [ 1 -1 -1 -1  1  1  1]
 [ 1 -1  1 -1  1  1  1]]
[1]
1
[[ 1  0 -1 -1 -1  0 -1]
 [-1  1  1 -1  1  0  1]
 [ 1 -1 -1  1  1 -1 -1]
 [-1  1  1 -1 -1  1 -1]
 [ 1 -1 -1 -1  1  1  1]
 [ 1 -1  1 -1  1  1  1]]
[1]
1
[[ 1  0 -1 -1 -1  0 -1]
 [-1  1  1 -1  1  0  1]
 [ 1 -1 -1  1  1 -1 -1]
 [-1  1  1 -1 -1  1 -1]
 [ 1 -1 -1 -1  1  1  1]
 [ 1 -1  1 -1  1  1  1]]
[1]
1
[[ 1  0 -1 -1 -1  0 -1]
 [-1  1  1 -1  1  0  1]
 [ 1 -1 -1  1  1 -1 -1]
 [-1  1  1 -1 -1  1 -1]
 [ 1 -1 -1 -1  1  1  1]
 [ 1 -1  1 -1  1  1  1]]
[1]
1
[[ 1  0 -1 -1 -1  0 -1]
 [-1  1  1 -1  1  0  1]
 [ 1 -1 -1  1  1 -1 -1]
 [-1  1  1 -1 -1  1 -1]
 [ 1 -1 -1 -1  1  1  1]
 [ 1 -1  1 -1  1  1  1]]
[1]
1
[[ 1  0 -1 -1 -1  0 -1]
 [-1  1  1 -1  1  0  1]
 [ 1 -1 -1  1  1 -1 -1]
 [-1  1  1 -1 -1  1 -1]
 [ 1 -1 -1 -1  1  1  1]
 [ 1 -1  1 -1  1  1  1]]
[1]
1
[[ 1  0 -1 -1 -1  0 -1]
 [-1  1  1 -1  1  0  1]
 [ 1 -1 -1  1  1 -1 -1]
 [-1  1  1 -1 -1  1 -1]
 [ 1 -1 -1 -1  1  1  1]
 [ 1 -1  1 -1  1  1  1]]
[1]
1
[[ 1  0 -1 -1 -1  0 -1]
 [-1  1  1 -1  1  0  1]
 [ 1 -1 -1  1  1 -1 -1]
 [-1  1  1 -1 -1  1 -1]
 [ 1 -1 -1 -1  1  1  1]
 [ 1 -1  1 -1  1  1  1]]
[1]
1
[[ 1  0 -1 -1 -1  0 -1]
 [-1  1  1 -1  1  0  1]
 [ 1 -1 -1  1  1 -1 -1]
 [-1  1  1 -1 -1  1 -1]
 [ 1 -1 -1 -1  1  1  1]
 [ 1 -1  1 -1  1  1  1]]
[1]
1
[[ 1  0 -1 -1 -1  0 -1]
 [-1  1  1 -1  1  0  1]
 [ 1 -1 -1  1  1 -1 -1]
 [-1  1  1 -1 -1  1 -1]
 [ 1 -1 -1 -1  1  1  1]
 [ 1 -1  1 -1  1  1  1]]
[1]
1
[[-1 -1  0  1  0  0 -1]
 [ 1  1  0  1 -1  0  1]
 [-1 -1  0 -1  1  0 -1]
 [ 1  1  1 -1 -1 -1  1]
 [-1 -1 -1  1 -1  1  1]
 [ 1  1 -1  1  1 -1  1]]
[2]
2
[[-1 -1  0  1  0  0 -1]
 [ 1  1  0  1 -1  0  1]
 [-1 -1  0 -1  1  0 -1]
 [ 1  1  1 -1 -1 -1  1]
 [-1 -1 -1  1 -1  1  1]
 [ 1  1 -1  1  1 -1  1]]
[2]
2
[[-1 -1  0  1  0  0 -1]
 [ 1  1  0  1 -1  0  1]
 [-1 -1  0 -1  1  0 -1]
 [ 1  1  1 -1 -1 -1  1]
 [-1 -1 -1  1 -1  1  1]
 [ 1  1 -1  1  1 -1  1]]
[2]
2
[[-1 -1  0  1  0  0 -1]
 [ 1  1  0  1 -1  0  1]
 [-1 -1  0 -1  1  0 -1]
 [ 1  1  1 -1 -1 -1  1]
 [-1 -1 -1  1 -1  1  1]
 [ 1  1 -1  1  1 -1  1]]
[2]
2
[[-1 -1  0  1  0  0 -1]
 [ 1  1  0  1 -1  0  1]
 [-1 -1  0 -1  1  0 -1]
 [ 1  1  1 -1 -1 -1  1]
 [-1 -1 -1  1 -1  1  1]
 [ 1  1 -1  1  1 -1  1]]
[2]
2
[[-1 -1  0  1  0  0 -1]
 [ 1  1  0  1 -1  0  1]
 [-1 -1  0 -1  1  0 -1]
 [ 1  1  1 -1 -1 -1  1]
 [-1 -1 -1  1 -1  1  1]
 [ 1  1 -1  1  1 -1  1]]
[2]
2
[[-1 -1  0  1  0  0 -1]
 [ 1  1  0  1 -1  0  1]
 [-1 -1  0 -1  1  0 -1]
 [ 1  1  1 -1 -1 -1  1]
 [-1 -1 -1  1 -1  1  1]
 [ 1  1 -1  1  1 -1  1]]
[2]
2
[[-1 -1  0  1  0  0 -1]
 [ 1  1  0  1 -1  0  1]
 [-1 -1  0 -1  1  0 -1]
 [ 1  1  1 -1 -1 -1  1]
 [-1 -1 -1  1 -1  1  1]
 [ 1  1 -1  1  1 -1  1]]
[2]
2
[[-1 -1  0  1  0  0 -1]
 [ 1  1  0  1 -1  0  1]
 [-1 -1  0 -1  1  0 -1]
 [ 1  1  1 -1 -1 -1  1]
 [-1 -1 -1  1 -1  1  1]
 [ 1  1 -1  1  1 -1  1]]
[2]
2
[[-1 -1  0  1  0  0 -1]
 [ 1  1  0  1 -1  0  1]
 [-1 -1  0 -1  1  0 -1]
 [ 1  1  1 -1 -1 -1  1]
 [-1 -1 -1  1 -1  1  1]
 [ 1  1 -1  1  1 -1  1]]
[2]
2
[[-1 -1  0  1  0  0 -1]
 [ 1  1  0  1 -1  0  1]
 [-1 -1  0 -1  1  0 -1]
 [ 1  1  1 -1 -1 -1  1]
 [-1 -1 -1  1 -1  1  1]
 [ 1  1 -1  1  1 -1  1]]
[2]
2
[[-1 -1  0  1  0  0 -1]
 [ 1  1  0  1 -1  0  1]
 [-1 -1  0 -1  1  0 -1]
 [ 1  1  1 -1 -1 -1  1]
 [-1 -1 -1  1 -1  1  1]
 [ 1  1 -1  1  1 -1  1]]
[2]
2
[[-1 -1  0  1  0  0 -1]
 [ 1  1  0  1 -1  0  1]
 [-1 -1  0 -1  1  0 -1]
 [ 1  1  1 -1 -1 -1  1]
 [-1 -1 -1  1 -1  1  1]
 [ 1  1 -1  1  1 -1  1]]
[2]
2
[[-1 -1  0  1  0  0 -1]
 [ 1  1  0  1 -1  0  1]
 [-1 -1  0 -1  1  0 -1]
 [ 1  1  1 -1 -1 -1  1]
 [-1 -1 -1  1 -1  1  1]
 [ 1  1 -1  1  1 -1  1]]
[2]
2
[[-1 -1  0  1  0  0 -1]
 [ 1  1  0  1 -1  0  1]
 [-1 -1  0 -1  1  0 -1]
 [ 1  1  1 -1 -1 -1  1]
 [-1 -1 -1  1 -1  1  1]
 [ 1  1 -1  1  1 -1  1]]
[2]
2
[[-1 -1  0  1  0  0 -1]
 [ 1  1  0  1 -1  0  1]
 [-1 -1  0 -1  1  0 -1]
 [ 1  1  1 -1 -1 -1  1]
 [-1 -1 -1  1 -1  1  1]
 [ 1  1 -1  1  1 -1  1]]
[2]
2
[[-1  0  0  0 -1  0 -1]
 [ 1  1  0 -1 -1 -1  1]
 [-1  1  0  1  1 -1 -1]
 [ 1 -1  0 -1 -1  1  1]
 [ 1 -1  1  1  1 -1  1]
 [-1  1  1 -1 -1  1  1]]
[2]
2
[[-1  0  0  0 -1  0 -1]
 [ 1  1  0 -1 -1 -1  1]
 [-1  1  0  1  1 -1 -1]
 [ 1 -1  0 -1 -1  1  1]
 [ 1 -1  1  1  1 -1  1]
 [-1  1  1 -1 -1  1  1]]
[2]
2
[[-1  0  0  0 -1  0 -1]
 [ 1  1  0 -1 -1 -1  1]
 [-1  1  0  1  1 -1 -1]
 [ 1 -1  0 -1 -1  1  1]
 [ 1 -1  1  1  1 -1  1]
 [-1  1  1 -1 -1  1  1]]
[2]
2
[[-1  0  0  0 -1  0 -1]
 [ 1  1  0 -1 -1 -1  1]
 [-1  1  0  1  1 -1 -1]
 [ 1 -1  0 -1 -1  1  1]
 [ 1 -1  1  1  1 -1  1]
 [-1  1  1 -1 -1  1  1]]
[2]
2
[[-1  0  0  0 -1  0 -1]
 [ 1  1  0 -1 -1 -1  1]
 [-1  1  0  1  1 -1 -1]
 [ 1 -1  0 -1 -1  1  1]
 [ 1 -1  1  1  1 -1  1]
 [-1  1  1 -1 -1  1  1]]
[2]
2
[[-1  0  0  0 -1  0 -1]
 [ 1  1  0 -1 -1 -1  1]
 [-1  1  0  1  1 -1 -1]
 [ 1 -1  0 -1 -1  1  1]
 [ 1 -1  1  1  1 -1  1]
 [-1  1  1 -1 -1  1  1]]
[2]
2
[[-1  0  0  0 -1  0 -1]
 [ 1  1  0 -1 -1 -1  1]
 [-1  1  0  1  1 -1 -1]
 [ 1 -1  0 -1 -1  1  1]
 [ 1 -1  1  1  1 -1  1]
 [-1  1  1 -1 -1  1  1]]
[2]
2
[[-1  0  0  0 -1  0 -1]
 [ 1  1  0 -1 -1 -1  1]
 [-1  1  0  1  1 -1 -1]
 [ 1 -1  0 -1 -1  1  1]
 [ 1 -1  1  1  1 -1  1]
 [-1  1  1 -1 -1  1  1]]
[2]
2
[[-1  0  0  0 -1  0 -1]
 [ 1  1  0 -1 -1 -1  1]
 [-1  1  0  1  1 -1 -1]
 [ 1 -1  0 -1 -1  1  1]
 [ 1 -1  1  1  1 -1  1]
 [-1  1  1 -1 -1  1  1]]
[2]
2
[[-1  0  0  0 -1  0 -1]
 [ 1  1  0 -1 -1 -1  1]
 [-1  1  0  1  1 -1 -1]
 [ 1 -1  0 -1 -1  1  1]
 [ 1 -1  1  1  1 -1  1]
 [-1  1  1 -1 -1  1  1]]
[2]
2
[[-1  0  0  0 -1  0 -1]
 [ 1  1  0 -1 -1 -1  1]
 [-1  1  0  1  1 -1 -1]
 [ 1 -1  0 -1 -1  1  1]
 [ 1 -1  1  1  1 -1  1]
 [-1  1  1 -1 -1  1  1]]
[2]
2
[[-1  0  0  0 -1  0 -1]
 [ 1  1  0 -1 -1 -1  1]
 [-1  1  0  1  1 -1 -1]
 [ 1 -1  0 -1 -1  1  1]
 [ 1 -1  1  1  1 -1  1]
 [-1  1  1 -1 -1  1  1]]
[2]
2
[[-1  0  0  0 -1  0 -1]
 [ 1  1  0 -1 -1 -1  1]
 [-1  1  0  1  1 -1 -1]
 [ 1 -1  0 -1 -1  1  1]
 [ 1 -1  1  1  1 -1  1]
 [-1  1  1 -1 -1  1  1]]
[2]
2
[[-1  0  0  0 -1  0 -1]
 [ 1  1  0 -1 -1 -1  1]
 [-1  1  0  1  1 -1 -1]
 [ 1 -1  0 -1 -1  1  1]
 [ 1 -1  1  1  1 -1  1]
 [-1  1  1 -1 -1  1  1]]
[2]
2
[[-1  0  0  0 -1  0 -1]
 [ 1  1  0 -1 -1 -1  1]
 [-1  1  0  1  1 -1 -1]
 [ 1 -1  0 -1 -1  1  1]
 [ 1 -1  1  1  1 -1  1]
 [-1  1  1 -1 -1  1  1]]
[2]
2
[[-1  0  0  0 -1  0 -1]
 [ 1  1  0 -1 -1 -1  1]
 [-1  1  0  1  1 -1 -1]
 [ 1 -1  0 -1 -1  1  1]
 [ 1 -1  1  1  1 -1  1]
 [-1  1  1 -1 -1  1  1]]
[2]
2
[[-1  0  0  0 -1  0 -1]
 [ 1  1  0 -1 -1 -1  1]
 [-1  1  0  1  1 -1 -1]
 [ 1 -1  0 -1 -1  1  1]
 [ 1 -1  1  1  1 -1  1]
 [-1  1  1 -1 -1  1  1]]
[2]
2
[[-1  0  0  0 -1  0 -1]
 [ 1  1  0 -1 -1 -1  1]
 [-1  1  0  1  1 -1 -1]
 [ 1 -1  0 -1 -1  1  1]
 [ 1 -1  1  1  1 -1  1]
 [-1  1  1 -1 -1  1  1]]
[2]
2
[[-1  0  0  0 -1  0 -1]
 [ 1  1  0 -1 -1 -1  1]
 [-1  1  0  1  1 -1 -1]
 [ 1 -1  0 -1 -1  1  1]
 [ 1 -1  1  1  1 -1  1]
 [-1  1  1 -1 -1  1  1]]
[2]
2
[[-1  0  0  0 -1  0 -1]
 [ 1  1  0 -1 -1 -1  1]
 [-1  1  0  1  1 -1 -1]
 [ 1 -1  0 -1 -1  1  1]
 [ 1 -1  1  1  1 -1  1]
 [-1  1  1 -1 -1  1  1]]
[2]
2
[[ 0  0  0  0  0  0  0]
 [ 0  0  0  1 -1  1  0]
 [ 0  0  0 -1 -1 -1  0]
 [ 0  0 -1 -1 -1  1  0]
 [ 0  0 -1  1  1 -1  0]
 [ 1  1  1 -1  1  1  1]]
[1, 2, 4, 5]
1
[[ 0  0  0 -1  0  0  0]
 [ 0  1  0  1  0  0  0]
 [ 0  1  0  1  0  1  0]
 [ 0 -1 -1 -1  0 -1  0]
 [ 0 -1  1 -1  1 -1 -1]
 [-1  1  1 -1  1  1  1]]
[4]
4
[[ 0  0  0 -1  0  0  0]
 [ 0  1  0  1  0  0  0]
 [ 0  1  0  1  0  1  0]
 [ 0 -1 -1 -1  0 -1  0]
 [ 0 -1  1 -1  1 -1 -1]
 [-1  1  1 -1  1  1  1]]
[4]
4
[[ 0  0  0 -1  0  0  0]
 [ 0  1  0  1  0  0  0]
 [ 0  1  0  1  0  1  0]
 [ 0 -1 -1 -1  0 -1  0]
 [ 0 -1  1 -1  1 -1 -1]
 [-1  1  1 -1  1  1  1]]
[4]
4
[[ 0  0  0 -1  0  0  0]
 [ 0  1  0  1  0  0  0]
 [ 0  1  0  1  0  1  0]
 [ 0 -1 -1 -1  0 -1  0]
 [ 0 -1  1 -1  1 -1 -1]
 [-1  1  1 -1  1  1  1]]
[4]
4
[[ 0  0  0 -1  0  0  0]
 [ 0  1  0  1  0  0  0]
 [ 0  1  0  1  0  1  0]
 [ 0 -1 -1 -1  0 -1  0]
 [ 0 -1  1 -1  1 -1 -1]
 [-1  1  1 -1  1  1  1]]
[4]
4
[[ 0  0  0 -1  0  0  0]
 [ 0  1  0  1  0  0  0]
 [ 0  1  0  1  0  1  0]
 [ 0 -1 -1 -1  0 -1  0]
 [ 0 -1  1 -1  1 -1 -1]
 [-1  1  1 -1  1  1  1]]
[4]
4
[[ 0  0  0 -1  0  0  0]
 [ 0  1  0  1  0  0  0]
 [ 0  1  0  1  0  1  0]
 [ 0 -1 -1 -1  0 -1  0]
 [ 0 -1  1 -1  1 -1 -1]
 [-1  1  1 -1  1  1  1]]
[4]
4
[[ 0  0 -1  0  0  0  0]
 [ 0  0  1  1  1  0  0]
 [ 0 -1  1 -1  1  0  0]
 [ 0  1  1 -1 -1 -1  0]
 [ 0  1 -1  1 -1  1 -1]
 [ 0  1  1 -1  1 -1 -1]]
[6]
6
[[ 0  0 -1  0  0  0  0]
 [ 0  0  1  1  1  0  0]
 [ 0 -1  1 -1  1  0  0]
 [ 0  1  1 -1 -1 -1  0]
 [ 0  1 -1  1 -1  1 -1]
 [ 0  1  1 -1  1 -1 -1]]
[6]
6
[[ 0  0 -1  0  0  0  0]
 [ 0  0  1  1  1  0  0]
 [ 0 -1  1 -1  1  0  0]
 [ 0  1  1 -1 -1 -1  0]
 [ 0  1 -1  1 -1  1 -1]
 [ 0  1  1 -1  1 -1 -1]]
[6]
6
[[ 0  0 -1  0  0  0  0]
 [ 0  0  1  1  1  0  0]
 [ 0 -1  1 -1  1  0  0]
 [ 0  1  1 -1 -1 -1  0]
 [ 0  1 -1  1 -1  1 -1]
 [ 0  1  1 -1  1 -1 -1]]
[6]
6
[[ 0  0 -1  0  0  0  0]
 [ 0  0  1  1  1  0  0]
 [ 0 -1  1 -1  1  0  0]
 [ 0  1  1 -1 -1 -1  0]
 [ 0  1 -1  1 -1  1 -1]
 [ 0  1  1 -1  1 -1 -1]]
[6]
6
[[ 0  0 -1  0  0  0  0]
 [ 0  0  1  1  1  0  0]
 [ 0 -1  1 -1  1  0  0]
 [ 0  1  1 -1 -1 -1  0]
 [ 0  1 -1  1 -1  1 -1]
 [ 0  1  1 -1  1 -1 -1]]
[6]
6
[[ 0  0 -1  0  0  0  0]
 [ 0  0  1  1  1  0  0]
 [ 0 -1  1 -1  1  0  0]
 [ 0  1  1 -1 -1 -1  0]
 [ 0  1 -1  1 -1  1 -1]
 [ 0  1  1 -1  1 -1 -1]]
[6]
6
[[ 0  0 -1  0  0  0  0]
 [ 0  0  1  1  1  0  0]
 [ 0 -1  1 -1  1  0  0]
 [ 0  1  1 -1 -1 -1  0]
 [ 0  1 -1  1 -1  1 -1]
 [ 0  1  1 -1  1 -1 -1]]
[6]
6
[[ 0  0 -1  0  0  0  0]
 [ 0  0  1  1  1  0  0]
 [ 0 -1  1 -1  1  0  0]
 [ 0  1  1 -1 -1 -1  0]
 [ 0  1 -1  1 -1  1 -1]
 [ 0  1  1 -1  1 -1 -1]]
[6]
6
[[ 0  0 -1  0  0  0  0]
 [ 0  0  1  1  1  0  0]
 [ 0 -1  1 -1  1  0  0]
 [ 0  1  1 -1 -1 -1  0]
 [ 0  1 -1  1 -1  1 -1]
 [ 0  1  1 -1  1 -1 -1]]
[6]
6
[[ 0  0 -1  0  0  0  0]
 [ 0  0  1  1  1  0  0]
 [ 0 -1  1 -1  1  0  0]
 [ 0  1  1 -1 -1 -1  0]
 [ 0  1 -1  1 -1  1 -1]
 [ 0  1  1 -1  1 -1 -1]]
[6]
6
[[ 0  1  1 -1  0  0  0]
 [ 1 -1 -1 -1  0  0  0]
 [-1 -1 -1  1  0  0  0]
 [ 1  1 -1 -1 -1  0  0]
 [ 1 -1  1 -1  1  0  1]
 [ 1  1 -1  1  1  1 -1]]
[0]
0
[[ 0  1  1 -1  0  0  0]
 [ 1 -1 -1 -1  0  0  0]
 [-1 -1 -1  1  0  0  0]
 [ 1  1 -1 -1 -1  0  0]
 [ 1 -1  1 -1  1  0  1]
 [ 1  1 -1  1  1  1 -1]]
[0]
0
[[ 0  1  1 -1  0  0  0]
 [ 1 -1 -1 -1  0  0  0]
 [-1 -1 -1  1  0  0  0]
 [ 1  1 -1 -1 -1  0  0]
 [ 1 -1  1 -1  1  0  1]
 [ 1  1 -1  1  1  1 -1]]
[0]
0
[[ 0  1  1 -1  0  0  0]
 [ 1 -1 -1 -1  0  0  0]
 [-1 -1 -1  1  0  0  0]
 [ 1  1 -1 -1 -1  0  0]
 [ 1 -1  1 -1  1  0  1]
 [ 1  1 -1  1  1  1 -1]]
[0]
0
[[ 0  1  1 -1  0  0  0]
 [ 1 -1 -1 -1  0  0  0]
 [-1 -1 -1  1  0  0  0]
 [ 1  1 -1 -1 -1  0  0]
 [ 1 -1  1 -1  1  0  1]
 [ 1  1 -1  1  1  1 -1]]
[0]
0
[[ 0  1  1 -1  0  0  0]
 [ 1 -1 -1 -1  0  0  0]
 [-1 -1 -1  1  0  0  0]
 [ 1  1 -1 -1 -1  0  0]
 [ 1 -1  1 -1  1  0  1]
 [ 1  1 -1  1  1  1 -1]]
[0]
0
[[ 0  1  1 -1  0  0  0]
 [ 1 -1 -1 -1  0  0  0]
 [-1 -1 -1  1  0  0  0]
 [ 1  1 -1 -1 -1  0  0]
 [ 1 -1  1 -1  1  0  1]
 [ 1  1 -1  1  1  1 -1]]
[0]
0
[[ 0  1  1 -1  0  0  0]
 [ 1 -1 -1 -1  0  0  0]
 [-1 -1 -1  1  0  0  0]
 [ 1  1 -1 -1 -1  0  0]
 [ 1 -1  1 -1  1  0  1]
 [ 1  1 -1  1  1  1 -1]]
[0]
0
[[ 0  1  1 -1  0  0  0]
 [ 1 -1 -1 -1  0  0  0]
 [-1 -1 -1  1  0  0  0]
 [ 1  1 -1 -1 -1  0  0]
 [ 1 -1  1 -1  1  0  1]
 [ 1  1 -1  1  1  1 -1]]
[0]
0
[[ 0  1  1 -1  0  0  0]
 [ 1 -1 -1 -1  0  0  0]
 [-1 -1 -1  1  0  0  0]
 [ 1  1 -1 -1 -1  0  0]
 [ 1 -1  1 -1  1  0  1]
 [ 1  1 -1  1  1  1 -1]]
[0]
0
[[ 0  1  1 -1  0  0  0]
 [ 1 -1 -1 -1  0  0  0]
 [-1 -1 -1  1  0  0  0]
 [ 1  1 -1 -1 -1  0  0]
 [ 1 -1  1 -1  1  0  1]
 [ 1  1 -1  1  1  1 -1]]
[0]
0
[[ 0  1  1 -1  0  0  0]
 [ 1 -1 -1 -1  0  0  0]
 [-1 -1 -1  1  0  0  0]
 [ 1  1 -1 -1 -1  0  0]
 [ 1 -1  1 -1  1  0  1]
 [ 1  1 -1  1  1  1 -1]]
[0]
0
[[ 0  1  1 -1  0  0  0]
 [ 1 -1 -1 -1  0  0  0]
 [-1 -1 -1  1  0  0  0]
 [ 1  1 -1 -1 -1  0  0]
 [ 1 -1  1 -1  1  0  1]
 [ 1  1 -1  1  1  1 -1]]
[0]
0
[[ 1  0  0  0  0  0  0]
 [ 1  0  0  0  0  0  0]
 [-1  1  0  0  0  0  0]
 [ 1 -1  0  0  0  0  0]
 [ 1 -1  0  0  0  0  0]
 [ 1  1  0 -1 -1 -1  0]]
[2, 6]
2
[[ 1  0  0  0  0  0  0]
 [ 1  0  0  0  0  0  0]
 [-1  1  0  0  0  0  0]
 [ 1 -1  0  0  0  0  0]
 [ 1 -1  0  0  0  0  0]
 [ 1  1  0 -1 -1 -1  0]]
[2, 6]
2
[[ 1  0  0  0  0  0  0]
 [ 1  0  0  0  0  0  0]
 [-1  1  0  0  0  0  0]
 [ 1 -1  0  0  0  0  0]
 [ 1 -1  0  0  0  0  0]
 [ 1  1  0 -1 -1 -1  0]]
[2, 6]
2
[[ 1  0  0  0  0  0  0]
 [ 1  0  0  0  0  0  0]
 [-1  1  0  0  0  0  0]
 [ 1 -1  0  0  0  0  0]
 [ 1 -1  0  0  0  0  0]
 [ 1  1  0 -1 -1 -1  0]]
[2, 6]
2
[[ 0 -1 -1  1  0 -1 -1]
 [ 0  1  1 -1  0 -1  1]
 [ 0 -1 -1 -1  0 -1 -1]
 [ 0  1  1 -1  1  1  1]
 [-1 -1 -1  1  1 -1  1]
 [ 1  1  1 -1  1  1  1]]
[4]
4
[[ 0 -1 -1  1  0 -1 -1]
 [ 0  1  1 -1  0 -1  1]
 [ 0 -1 -1 -1  0 -1 -1]
 [ 0  1  1 -1  1  1  1]
 [-1 -1 -1  1  1 -1  1]
 [ 1  1  1 -1  1  1  1]]
[4]
4
[[ 0 -1 -1  1  0 -1 -1]
 [ 0  1  1 -1  0 -1  1]
 [ 0 -1 -1 -1  0 -1 -1]
 [ 0  1  1 -1  1  1  1]
 [-1 -1 -1  1  1 -1  1]
 [ 1  1  1 -1  1  1  1]]
[4]
4
[[ 0 -1 -1  1  0 -1 -1]
 [ 0  1  1 -1  0 -1  1]
 [ 0 -1 -1 -1  0 -1 -1]
 [ 0  1  1 -1  1  1  1]
 [-1 -1 -1  1  1 -1  1]
 [ 1  1  1 -1  1  1  1]]
[4]
4
[[ 0 -1 -1  1  0 -1 -1]
 [ 0  1  1 -1  0 -1  1]
 [ 0 -1 -1 -1  0 -1 -1]
 [ 0  1  1 -1  1  1  1]
 [-1 -1 -1  1  1 -1  1]
 [ 1  1  1 -1  1  1  1]]
[4]
4
[[ 0 -1 -1  1  0 -1 -1]
 [ 0  1  1 -1  0 -1  1]
 [ 0 -1 -1 -1  0 -1 -1]
 [ 0  1  1 -1  1  1  1]
 [-1 -1 -1  1  1 -1  1]
 [ 1  1  1 -1  1  1  1]]
[4]
4
[[ 0 -1 -1  1  0 -1 -1]
 [ 0  1  1 -1  0 -1  1]
 [ 0 -1 -1 -1  0 -1 -1]
 [ 0  1  1 -1  1  1  1]
 [-1 -1 -1  1  1 -1  1]
 [ 1  1  1 -1  1  1  1]]
[4]
4
[[ 0 -1 -1  1  0 -1 -1]
 [ 0  1  1 -1  0 -1  1]
 [ 0 -1 -1 -1  0 -1 -1]
 [ 0  1  1 -1  1  1  1]
 [-1 -1 -1  1  1 -1  1]
 [ 1  1  1 -1  1  1  1]]
[4]
4
[[ 0 -1 -1  1  0 -1 -1]
 [ 0  1  1 -1  0 -1  1]
 [ 0 -1 -1 -1  0 -1 -1]
 [ 0  1  1 -1  1  1  1]
 [-1 -1 -1  1  1 -1  1]
 [ 1  1  1 -1  1  1  1]]
[4]
4
[[ 0 -1 -1  1  0 -1 -1]
 [ 0  1  1 -1  0 -1  1]
 [ 0 -1 -1 -1  0 -1 -1]
 [ 0  1  1 -1  1  1  1]
 [-1 -1 -1  1  1 -1  1]
 [ 1  1  1 -1  1  1  1]]
[4]
4
[[ 0 -1 -1  1  0 -1 -1]
 [ 0  1  1 -1  0 -1  1]
 [ 0 -1 -1 -1  0 -1 -1]
 [ 0  1  1 -1  1  1  1]
 [-1 -1 -1  1  1 -1  1]
 [ 1  1  1 -1  1  1  1]]
[4]
4
[[ 0 -1 -1  1  0 -1 -1]
 [ 0  1  1 -1  0 -1  1]
 [ 0 -1 -1 -1  0 -1 -1]
 [ 0  1  1 -1  1  1  1]
 [-1 -1 -1  1  1 -1  1]
 [ 1  1  1 -1  1  1  1]]
[4]
4
[[ 0 -1 -1  1  0 -1 -1]
 [ 0  1  1 -1  0 -1  1]
 [ 0 -1 -1 -1  0 -1 -1]
 [ 0  1  1 -1  1  1  1]
 [-1 -1 -1  1  1 -1  1]
 [ 1  1  1 -1  1  1  1]]
[4]
4
[[ 0 -1 -1  1  0 -1 -1]
 [ 0  1  1 -1  0 -1  1]
 [ 0 -1 -1 -1  0 -1 -1]
 [ 0  1  1 -1  1  1  1]
 [-1 -1 -1  1  1 -1  1]
 [ 1  1  1 -1  1  1  1]]
[4]
4
[[ 0 -1 -1  1  0 -1 -1]
 [ 0  1  1 -1  0 -1  1]
 [ 0 -1 -1 -1  0 -1 -1]
 [ 0  1  1 -1  1  1  1]
 [-1 -1 -1  1  1 -1  1]
 [ 1  1  1 -1  1  1  1]]
[4]
4
[[ 0 -1 -1  1  0 -1 -1]
 [ 0  1  1 -1  0 -1  1]
 [ 0 -1 -1 -1  0 -1 -1]
 [ 0  1  1 -1  1  1  1]
 [-1 -1 -1  1  1 -1  1]
 [ 1  1  1 -1  1  1  1]]
[4]
4
[[ 0 -1 -1  1  0 -1 -1]
 [ 0  1  1 -1  0 -1  1]
 [ 0 -1 -1 -1  0 -1 -1]
 [ 0  1  1 -1  1  1  1]
 [-1 -1 -1  1  1 -1  1]
 [ 1  1  1 -1  1  1  1]]
[4]
4
[[ 0 -1 -1  1  0 -1 -1]
 [ 0  1  1 -1  0 -1  1]
 [ 0 -1 -1 -1  0 -1 -1]
 [ 0  1  1 -1  1  1  1]
 [-1 -1 -1  1  1 -1  1]
 [ 1  1  1 -1  1  1  1]]
[4]
4
[[ 0 -1 -1  1  0 -1 -1]
 [ 0  1  1 -1  0 -1  1]
 [ 0 -1 -1 -1  0 -1 -1]
 [ 0  1  1 -1  1  1  1]
 [-1 -1 -1  1  1 -1  1]
 [ 1  1  1 -1  1  1  1]]
[4]
4
[[ 0 -1 -1  1  0 -1 -1]
 [ 0  1  1 -1  0 -1  1]
 [ 0 -1 -1 -1  0 -1 -1]
 [ 0  1  1 -1  1  1  1]
 [-1 -1 -1  1  1 -1  1]
 [ 1  1  1 -1  1  1  1]]
[4]
4
[[ 0 -1 -1  1  0 -1 -1]
 [ 0  1  1 -1  0 -1  1]
 [ 0 -1 -1 -1  0 -1 -1]
 [ 0  1  1 -1  1  1  1]
 [-1 -1 -1  1  1 -1  1]
 [ 1  1  1 -1  1  1  1]]
[4]
4
[[ 0  0  0  0  0  0  0]
 [ 0  0  0  0  0  0  0]
 [-1  0  0  0  0  0  0]
 [ 1  0  0  1  0  0  0]
 [ 1  0  0  1  0  0  0]
 [ 1  0  0 -1 -1 -1  0]]
[2, 6]
2
[[ 0  0  0  0  0  0  0]
 [ 0  0  0  0  0  0  0]
 [-1  0  0  0  0  0  0]
 [ 1  0  0  1  0  0  0]
 [ 1  0  0  1  0  0  0]
 [ 1  0  0 -1 -1 -1  0]]
[2, 6]
2
[[ 1  0  0 -1  1  0  0]
 [-1  0  0 -1 -1  0  0]
 [ 1  1  0  1  1  0  0]
 [-1 -1  0 -1 -1  0 -1]
 [ 1  1  1 -1  1 -1  1]
 [-1  1  1 -1  1 -1  1]]
[2, 5]
2
[[ 1  0  0 -1  1  0  0]
 [-1  0  0 -1 -1  0  0]
 [ 1  1  0  1  1  0  0]
 [-1 -1  0 -1 -1  0 -1]
 [ 1  1  1 -1  1 -1  1]
 [-1  1  1 -1  1 -1  1]]
[2, 5]
2
[[ 1  0  0 -1  1  0  0]
 [-1  0  0 -1 -1  0  0]
 [ 1  1  0  1  1  0  0]
 [-1 -1  0 -1 -1  0 -1]
 [ 1  1  1 -1  1 -1  1]
 [-1  1  1 -1  1 -1  1]]
[2, 5]
2
[[ 1  0  0 -1  1  0  0]
 [-1  0  0 -1 -1  0  0]
 [ 1  1  0  1  1  0  0]
 [-1 -1  0 -1 -1  0 -1]
 [ 1  1  1 -1  1 -1  1]
 [-1  1  1 -1  1 -1  1]]
[2, 5]
2
[[ 1  0  0 -1  1  0  0]
 [-1  0  0 -1 -1  0  0]
 [ 1  1  0  1  1  0  0]
 [-1 -1  0 -1 -1  0 -1]
 [ 1  1  1 -1  1 -1  1]
 [-1  1  1 -1  1 -1  1]]
[2, 5]
2
[[ 1  0  0 -1  1  0  0]
 [-1  0  0 -1 -1  0  0]
 [ 1  1  0  1  1  0  0]
 [-1 -1  0 -1 -1  0 -1]
 [ 1  1  1 -1  1 -1  1]
 [-1  1  1 -1  1 -1  1]]
[2, 5]
2
[[ 1  0  0 -1  1  0  0]
 [-1  0  0 -1 -1  0  0]
 [ 1  1  0  1  1  0  0]
 [-1 -1  0 -1 -1  0 -1]
 [ 1  1  1 -1  1 -1  1]
 [-1  1  1 -1  1 -1  1]]
[2, 5]
2
[[ 1  0  0 -1  1  0  0]
 [-1  0  0 -1 -1  0  0]
 [ 1  1  0  1  1  0  0]
 [-1 -1  0 -1 -1  0 -1]
 [ 1  1  1 -1  1 -1  1]
 [-1  1  1 -1  1 -1  1]]
[2, 5]
2
[[ 1  0  0 -1  1  0  0]
 [-1  0  0 -1 -1  0  0]
 [ 1  1  0  1  1  0  0]
 [-1 -1  0 -1 -1  0 -1]
 [ 1  1  1 -1  1 -1  1]
 [-1  1  1 -1  1 -1  1]]
[2, 5]
2
[[ 1  0  0 -1  1  0  0]
 [-1  0  0 -1 -1  0  0]
 [ 1  1  0  1  1  0  0]
 [-1 -1  0 -1 -1  0 -1]
 [ 1  1  1 -1  1 -1  1]
 [-1  1  1 -1  1 -1  1]]
[2, 5]
2
[[ 1  0  0 -1  1  0  0]
 [-1  0  0 -1 -1  0  0]
 [ 1  1  0  1  1  0  0]
 [-1 -1  0 -1 -1  0 -1]
 [ 1  1  1 -1  1 -1  1]
 [-1  1  1 -1  1 -1  1]]
[2, 5]
2
[[ 1  0  0 -1  1  0  0]
 [-1  0  0 -1 -1  0  0]
 [ 1  1  0  1  1  0  0]
 [-1 -1  0 -1 -1  0 -1]
 [ 1  1  1 -1  1 -1  1]
 [-1  1  1 -1  1 -1  1]]
[2, 5]
2
[[ 1  0  0 -1  1  0  0]
 [-1  0  0 -1 -1  0  0]
 [ 1  1  0  1  1  0  0]
 [-1 -1  0 -1 -1  0 -1]
 [ 1  1  1 -1  1 -1  1]
 [-1  1  1 -1  1 -1  1]]
[2, 5]
2
[[ 1  0  0 -1  1  0  0]
 [-1  0  0 -1 -1  0  0]
 [ 1  1  0  1  1  0  0]
 [-1 -1  0 -1 -1  0 -1]
 [ 1  1  1 -1  1 -1  1]
 [-1  1  1 -1  1 -1  1]]
[2, 5]
2
[[ 1  0  0 -1  1  0  0]
 [-1  0  0 -1 -1  0  0]
 [ 1  1  0  1  1  0  0]
 [-1 -1  0 -1 -1  0 -1]
 [ 1  1  1 -1  1 -1  1]
 [-1  1  1 -1  1 -1  1]]
[2, 5]
2
[[ 1  0  0 -1  1  0  0]
 [-1  0  0 -1 -1  0  0]
 [ 1  1  0  1  1  0  0]
 [-1 -1  0 -1 -1  0 -1]
 [ 1  1  1 -1  1 -1  1]
 [-1  1  1 -1  1 -1  1]]
[2, 5]
2
[[ 1  0  0 -1  1  0  0]
 [-1  0  0 -1 -1  0  0]
 [ 1  1  0  1  1  0  0]
 [-1 -1  0 -1 -1  0 -1]
 [ 1  1  1 -1  1 -1  1]
 [-1  1  1 -1  1 -1  1]]
[2, 5]
2
[[ 1  0  0 -1  1  0  0]
 [-1  0  0 -1 -1  0  0]
 [ 1  1  0  1  1  0  0]
 [-1 -1  0 -1 -1  0 -1]
 [ 1  1  1 -1  1 -1  1]
 [-1  1  1 -1  1 -1  1]]
[2, 5]
2
[[ 1  0  0 -1  1  0  0]
 [-1  0  0 -1 -1  0  0]
 [ 1  1  0  1  1  0  0]
 [-1 -1  0 -1 -1  0 -1]
 [ 1  1  1 -1  1 -1  1]
 [-1  1  1 -1  1 -1  1]]
[2, 5]
2
[[ 1  0  0 -1  1  0  0]
 [-1  0  0 -1 -1  0  0]
 [ 1  1  0  1  1  0  0]
 [-1 -1  0 -1 -1  0 -1]
 [ 1  1  1 -1  1 -1  1]
 [-1  1  1 -1  1 -1  1]]
[2, 5]
2
[[ 1  0  0 -1  1  0  0]
 [-1  0  0 -1 -1  0  0]
 [ 1  1  0  1  1  0  0]
 [-1 -1  0 -1 -1  0 -1]
 [ 1  1  1 -1  1 -1  1]
 [-1  1  1 -1  1 -1  1]]
[2, 5]
2
[[ 1  0  0 -1  1  0  0]
 [-1  0  0 -1 -1  0  0]
 [ 1  1  0  1  1  0  0]
 [-1 -1  0 -1 -1  0 -1]
 [ 1  1  1 -1  1 -1  1]
 [-1  1  1 -1  1 -1  1]]
[2, 5]
2
[[-1  0  1 -1  0 -1  1]
 [ 1  0 -1  1  0  1 -1]
 [-1  0 -1 -1  0 -1  1]
 [-1  0 -1  1  1  1 -1]
 [ 1 -1  1 -1 -1 -1  1]
 [ 1  1  1 -1  1  1  1]]
[4]
4
[[-1  0  1 -1  0 -1  1]
 [ 1  0 -1  1  0  1 -1]
 [-1  0 -1 -1  0 -1  1]
 [-1  0 -1  1  1  1 -1]
 [ 1 -1  1 -1 -1 -1  1]
 [ 1  1  1 -1  1  1  1]]
[4]
4
[[-1  0  1 -1  0 -1  1]
 [ 1  0 -1  1  0  1 -1]
 [-1  0 -1 -1  0 -1  1]
 [-1  0 -1  1  1  1 -1]
 [ 1 -1  1 -1 -1 -1  1]
 [ 1  1  1 -1  1  1  1]]
[4]
4
[[-1  0  1 -1  0 -1  1]
 [ 1  0 -1  1  0  1 -1]
 [-1  0 -1 -1  0 -1  1]
 [-1  0 -1  1  1  1 -1]
 [ 1 -1  1 -1 -1 -1  1]
 [ 1  1  1 -1  1  1  1]]
[4]
4
[[-1  0  1 -1  0 -1  1]
 [ 1  0 -1  1  0  1 -1]
 [-1  0 -1 -1  0 -1  1]
 [-1  0 -1  1  1  1 -1]
 [ 1 -1  1 -1 -1 -1  1]
 [ 1  1  1 -1  1  1  1]]
[4]
4
[[-1  0  1 -1  0 -1  1]
 [ 1  0 -1  1  0  1 -1]
 [-1  0 -1 -1  0 -1  1]
 [-1  0 -1  1  1  1 -1]
 [ 1 -1  1 -1 -1 -1  1]
 [ 1  1  1 -1  1  1  1]]
[4]
4
[[-1  0  1 -1  0 -1  1]
 [ 1  0 -1  1  0  1 -1]
 [-1  0 -1 -1  0 -1  1]
 [-1  0 -1  1  1  1 -1]
 [ 1 -1  1 -1 -1 -1  1]
 [ 1  1  1 -1  1  1  1]]
[4]
4
[[-1  0  1 -1  0 -1  1]
 [ 1  0 -1  1  0  1 -1]
 [-1  0 -1 -1  0 -1  1]
 [-1  0 -1  1  1  1 -1]
 [ 1 -1  1 -1 -1 -1  1]
 [ 1  1  1 -1  1  1  1]]
[4]
4
[[-1  0  1 -1  0 -1  1]
 [ 1  0 -1  1  0  1 -1]
 [-1  0 -1 -1  0 -1  1]
 [-1  0 -1  1  1  1 -1]
 [ 1 -1  1 -1 -1 -1  1]
 [ 1  1  1 -1  1  1  1]]
[4]
4
[[-1  0  1 -1  0 -1  1]
 [ 1  0 -1  1  0  1 -1]
 [-1  0 -1 -1  0 -1  1]
 [-1  0 -1  1  1  1 -1]
 [ 1 -1  1 -1 -1 -1  1]
 [ 1  1  1 -1  1  1  1]]
[4]
4
[[-1  0  1 -1  0 -1  1]
 [ 1  0 -1  1  0  1 -1]
 [-1  0 -1 -1  0 -1  1]
 [-1  0 -1  1  1  1 -1]
 [ 1 -1  1 -1 -1 -1  1]
 [ 1  1  1 -1  1  1  1]]
[4]
4
[[-1  0  1 -1  0 -1  1]
 [ 1  0 -1  1  0  1 -1]
 [-1  0 -1 -1  0 -1  1]
 [-1  0 -1  1  1  1 -1]
 [ 1 -1  1 -1 -1 -1  1]
 [ 1  1  1 -1  1  1  1]]
[4]
4
[[-1  0  1 -1  0 -1  1]
 [ 1  0 -1  1  0  1 -1]
 [-1  0 -1 -1  0 -1  1]
 [-1  0 -1  1  1  1 -1]
 [ 1 -1  1 -1 -1 -1  1]
 [ 1  1  1 -1  1  1  1]]
[4]
4
[[-1  0  1 -1  0 -1  1]
 [ 1  0 -1  1  0  1 -1]
 [-1  0 -1 -1  0 -1  1]
 [-1  0 -1  1  1  1 -1]
 [ 1 -1  1 -1 -1 -1  1]
 [ 1  1  1 -1  1  1  1]]
[4]
4
[[-1  0  1 -1  0 -1  1]
 [ 1  0 -1  1  0  1 -1]
 [-1  0 -1 -1  0 -1  1]
 [-1  0 -1  1  1  1 -1]
 [ 1 -1  1 -1 -1 -1  1]
 [ 1  1  1 -1  1  1  1]]
[4]
4
[[-1  0  1 -1  0 -1  1]
 [ 1  0 -1  1  0  1 -1]
 [-1  0 -1 -1  0 -1  1]
 [-1  0 -1  1  1  1 -1]
 [ 1 -1  1 -1 -1 -1  1]
 [ 1  1  1 -1  1  1  1]]
[4]
4
[[-1  0  1 -1  0 -1  1]
 [ 1  0 -1  1  0  1 -1]
 [-1  0 -1 -1  0 -1  1]
 [-1  0 -1  1  1  1 -1]
 [ 1 -1  1 -1 -1 -1  1]
 [ 1  1  1 -1  1  1  1]]
[4]
4
[[-1  0  1 -1  0 -1  1]
 [ 1  0 -1  1  0  1 -1]
 [-1  0 -1 -1  0 -1  1]
 [-1  0 -1  1  1  1 -1]
 [ 1 -1  1 -1 -1 -1  1]
 [ 1  1  1 -1  1  1  1]]
[4]
4
[[-1  0  1 -1  0 -1  1]
 [ 1  0 -1  1  0  1 -1]
 [-1  0 -1 -1  0 -1  1]
 [-1  0 -1  1  1  1 -1]
 [ 1 -1  1 -1 -1 -1  1]
 [ 1  1  1 -1  1  1  1]]
[4]
4
[[-1  0  1 -1  0 -1  1]
 [ 1  0 -1  1  0  1 -1]
 [-1  0 -1 -1  0 -1  1]
 [-1  0 -1  1  1  1 -1]
 [ 1 -1  1 -1 -1 -1  1]
 [ 1  1  1 -1  1  1  1]]
[4]
4
[[-1  0  1 -1  0 -1  1]
 [ 1  0 -1  1  0  1 -1]
 [-1  0 -1 -1  0 -1  1]
 [-1  0 -1  1  1  1 -1]
 [ 1 -1  1 -1 -1 -1  1]
 [ 1  1  1 -1  1  1  1]]
[4]
4
[[ 0 -1 -1 -1  0  1 -1]
 [ 0  1  1 -1  0 -1 -1]
 [ 0  1 -1 -1  0  1  1]
 [ 0  1  1  1  0 -1 -1]
 [ 0 -1 -1 -1  0  1  1]
 [ 1  1  1 -1  0  1  1]]
[0]
0
[[ 0 -1 -1 -1  0  1 -1]
 [ 0  1  1 -1  0 -1 -1]
 [ 0  1 -1 -1  0  1  1]
 [ 0  1  1  1  0 -1 -1]
 [ 0 -1 -1 -1  0  1  1]
 [ 1  1  1 -1  0  1  1]]
[0]
0
[[ 0 -1 -1 -1  0  1 -1]
 [ 0  1  1 -1  0 -1 -1]
 [ 0  1 -1 -1  0  1  1]
 [ 0  1  1  1  0 -1 -1]
 [ 0 -1 -1 -1  0  1  1]
 [ 1  1  1 -1  0  1  1]]
[0]
0
[[ 0 -1 -1 -1  0  1 -1]
 [ 0  1  1 -1  0 -1 -1]
 [ 0  1 -1 -1  0  1  1]
 [ 0  1  1  1  0 -1 -1]
 [ 0 -1 -1 -1  0  1  1]
 [ 1  1  1 -1  0  1  1]]
[0]
0
[[ 0 -1 -1 -1  0  1 -1]
 [ 0  1  1 -1  0 -1 -1]
 [ 0  1 -1 -1  0  1  1]
 [ 0  1  1  1  0 -1 -1]
 [ 0 -1 -1 -1  0  1  1]
 [ 1  1  1 -1  0  1  1]]
[0]
0
[[ 0 -1 -1 -1  0  1 -1]
 [ 0  1  1 -1  0 -1 -1]
 [ 0  1 -1 -1  0  1  1]
 [ 0  1  1  1  0 -1 -1]
 [ 0 -1 -1 -1  0  1  1]
 [ 1  1  1 -1  0  1  1]]
[0]
0
[[ 0 -1 -1 -1  0  1 -1]
 [ 0  1  1 -1  0 -1 -1]
 [ 0  1 -1 -1  0  1  1]
 [ 0  1  1  1  0 -1 -1]
 [ 0 -1 -1 -1  0  1  1]
 [ 1  1  1 -1  0  1  1]]
[0]
0
[[ 0 -1 -1 -1  0  1 -1]
 [ 0  1  1 -1  0 -1 -1]
 [ 0  1 -1 -1  0  1  1]
 [ 0  1  1  1  0 -1 -1]
 [ 0 -1 -1 -1  0  1  1]
 [ 1  1  1 -1  0  1  1]]
[0]
0
[[ 0 -1 -1 -1  0  1 -1]
 [ 0  1  1 -1  0 -1 -1]
 [ 0  1 -1 -1  0  1  1]
 [ 0  1  1  1  0 -1 -1]
 [ 0 -1 -1 -1  0  1  1]
 [ 1  1  1 -1  0  1  1]]
[0]
0
[[ 0 -1 -1 -1  0  1 -1]
 [ 0  1  1 -1  0 -1 -1]
 [ 0  1 -1 -1  0  1  1]
 [ 0  1  1  1  0 -1 -1]
 [ 0 -1 -1 -1  0  1  1]
 [ 1  1  1 -1  0  1  1]]
[0]
0
[[ 0 -1 -1 -1  0  1 -1]
 [ 0  1  1 -1  0 -1 -1]
 [ 0  1 -1 -1  0  1  1]
 [ 0  1  1  1  0 -1 -1]
 [ 0 -1 -1 -1  0  1  1]
 [ 1  1  1 -1  0  1  1]]
[0]
0
[[ 0 -1 -1 -1  0  1 -1]
 [ 0  1  1 -1  0 -1 -1]
 [ 0  1 -1 -1  0  1  1]
 [ 0  1  1  1  0 -1 -1]
 [ 0 -1 -1 -1  0  1  1]
 [ 1  1  1 -1  0  1  1]]
[0]
0
[[ 0 -1 -1 -1  0  1 -1]
 [ 0  1  1 -1  0 -1 -1]
 [ 0  1 -1 -1  0  1  1]
 [ 0  1  1  1  0 -1 -1]
 [ 0 -1 -1 -1  0  1  1]
 [ 1  1  1 -1  0  1  1]]
[0]
0
[[ 0 -1 -1 -1  0  1 -1]
 [ 0  1  1 -1  0 -1 -1]
 [ 0  1 -1 -1  0  1  1]
 [ 0  1  1  1  0 -1 -1]
 [ 0 -1 -1 -1  0  1  1]
 [ 1  1  1 -1  0  1  1]]
[0]
0
[[ 0 -1 -1 -1  0  1 -1]
 [ 0  1  1 -1  0 -1 -1]
 [ 0  1 -1 -1  0  1  1]
 [ 0  1  1  1  0 -1 -1]
 [ 0 -1 -1 -1  0  1  1]
 [ 1  1  1 -1  0  1  1]]
[0]
0
[[ 0 -1 -1 -1  0  1 -1]
 [ 0  1  1 -1  0 -1 -1]
 [ 0  1 -1 -1  0  1  1]
 [ 0  1  1  1  0 -1 -1]
 [ 0 -1 -1 -1  0  1  1]
 [ 1  1  1 -1  0  1  1]]
[0]
0
[[ 0 -1 -1 -1  0  1 -1]
 [ 0  1  1 -1  0 -1 -1]
 [ 0  1 -1 -1  0  1  1]
 [ 0  1  1  1  0 -1 -1]
 [ 0 -1 -1 -1  0  1  1]
 [ 1  1  1 -1  0  1  1]]
[0]
0
[[ 0 -1 -1 -1  0  1 -1]
 [ 0  1  1 -1  0 -1 -1]
 [ 0  1 -1 -1  0  1  1]
 [ 0  1  1  1  0 -1 -1]
 [ 0 -1 -1 -1  0  1  1]
 [ 1  1  1 -1  0  1  1]]
[0]
0
[[ 0 -1 -1 -1  0  1 -1]
 [ 0  1  1 -1  0 -1 -1]
 [ 0  1 -1 -1  0  1  1]
 [ 0  1  1  1  0 -1 -1]
 [ 0 -1 -1 -1  0  1  1]
 [ 1  1  1 -1  0  1  1]]
[0]
0
[[ 0 -1 -1 -1  0  1 -1]
 [ 0  1  1 -1  0 -1 -1]
 [ 0  1 -1 -1  0  1  1]
 [ 0  1  1  1  0 -1 -1]
 [ 0 -1 -1 -1  0  1  1]
 [ 1  1  1 -1  0  1  1]]
[0]
0
[[ 0 -1 -1 -1  0  1 -1]
 [ 0  1  1 -1  0 -1 -1]
 [ 0  1 -1 -1  0  1  1]
 [ 0  1  1  1  0 -1 -1]
 [ 0 -1 -1 -1  0  1  1]
 [ 1  1  1 -1  0  1  1]]
[0]
0
[[ 0 -1 -1 -1  0  1 -1]
 [ 0  1  1 -1  0 -1 -1]
 [ 0  1 -1 -1  0  1  1]
 [ 0  1  1  1  0 -1 -1]
 [ 0 -1 -1 -1  0  1  1]
 [ 1  1  1 -1  0  1  1]]
[0]
0
[[-1 -1  0  1 -1  0 -1]
 [ 1  1  0 -1 -1  0  1]
 [-1 -1  0 -1  1  0 -1]
 [ 1  1  0 -1 -1  0  1]
 [ 1 -1  1  1 -1  0  1]
 [ 1  1 -1 -1  1  1  1]]
[2]
2
[[-1 -1  0  1 -1  0 -1]
 [ 1  1  0 -1 -1  0  1]
 [-1 -1  0 -1  1  0 -1]
 [ 1  1  0 -1 -1  0  1]
 [ 1 -1  1  1 -1  0  1]
 [ 1  1 -1 -1  1  1  1]]
[2]
2
[[-1 -1  0  1 -1  0 -1]
 [ 1  1  0 -1 -1  0  1]
 [-1 -1  0 -1  1  0 -1]
 [ 1  1  0 -1 -1  0  1]
 [ 1 -1  1  1 -1  0  1]
 [ 1  1 -1 -1  1  1  1]]
[2]
2
[[-1 -1  0  1 -1  0 -1]
 [ 1  1  0 -1 -1  0  1]
 [-1 -1  0 -1  1  0 -1]
 [ 1  1  0 -1 -1  0  1]
 [ 1 -1  1  1 -1  0  1]
 [ 1  1 -1 -1  1  1  1]]
[2]
2
[[-1 -1  0  1 -1  0 -1]
 [ 1  1  0 -1 -1  0  1]
 [-1 -1  0 -1  1  0 -1]
 [ 1  1  0 -1 -1  0  1]
 [ 1 -1  1  1 -1  0  1]
 [ 1  1 -1 -1  1  1  1]]
[2]
2
[[-1 -1  0  1 -1  0 -1]
 [ 1  1  0 -1 -1  0  1]
 [-1 -1  0 -1  1  0 -1]
 [ 1  1  0 -1 -1  0  1]
 [ 1 -1  1  1 -1  0  1]
 [ 1  1 -1 -1  1  1  1]]
[2]
2
[[-1 -1  0  1 -1  0 -1]
 [ 1  1  0 -1 -1  0  1]
 [-1 -1  0 -1  1  0 -1]
 [ 1  1  0 -1 -1  0  1]
 [ 1 -1  1  1 -1  0  1]
 [ 1  1 -1 -1  1  1  1]]
[2]
2
[[-1 -1  0  1 -1  0 -1]
 [ 1  1  0 -1 -1  0  1]
 [-1 -1  0 -1  1  0 -1]
 [ 1  1  0 -1 -1  0  1]
 [ 1 -1  1  1 -1  0  1]
 [ 1  1 -1 -1  1  1  1]]
[2]
2
[[-1 -1  0  1 -1  0 -1]
 [ 1  1  0 -1 -1  0  1]
 [-1 -1  0 -1  1  0 -1]
 [ 1  1  0 -1 -1  0  1]
 [ 1 -1  1  1 -1  0  1]
 [ 1  1 -1 -1  1  1  1]]
[2]
2
[[-1 -1  0  1 -1  0 -1]
 [ 1  1  0 -1 -1  0  1]
 [-1 -1  0 -1  1  0 -1]
 [ 1  1  0 -1 -1  0  1]
 [ 1 -1  1  1 -1  0  1]
 [ 1  1 -1 -1  1  1  1]]
[2]
2
[[-1 -1  0  1 -1  0 -1]
 [ 1  1  0 -1 -1  0  1]
 [-1 -1  0 -1  1  0 -1]
 [ 1  1  0 -1 -1  0  1]
 [ 1 -1  1  1 -1  0  1]
 [ 1  1 -1 -1  1  1  1]]
[2]
2
[[-1 -1  0  1 -1  0 -1]
 [ 1  1  0 -1 -1  0  1]
 [-1 -1  0 -1  1  0 -1]
 [ 1  1  0 -1 -1  0  1]
 [ 1 -1  1  1 -1  0  1]
 [ 1  1 -1 -1  1  1  1]]
[2]
2
[[-1 -1  0  1 -1  0 -1]
 [ 1  1  0 -1 -1  0  1]
 [-1 -1  0 -1  1  0 -1]
 [ 1  1  0 -1 -1  0  1]
 [ 1 -1  1  1 -1  0  1]
 [ 1  1 -1 -1  1  1  1]]
[2]
2
[[-1 -1  0  1 -1  0 -1]
 [ 1  1  0 -1 -1  0  1]
 [-1 -1  0 -1  1  0 -1]
 [ 1  1  0 -1 -1  0  1]
 [ 1 -1  1  1 -1  0  1]
 [ 1  1 -1 -1  1  1  1]]
[2]
2
[[-1 -1  0  1 -1  0 -1]
 [ 1  1  0 -1 -1  0  1]
 [-1 -1  0 -1  1  0 -1]
 [ 1  1  0 -1 -1  0  1]
 [ 1 -1  1  1 -1  0  1]
 [ 1  1 -1 -1  1  1  1]]
[2]
2
[[-1 -1  0  1 -1  0 -1]
 [ 1  1  0 -1 -1  0  1]
 [-1 -1  0 -1  1  0 -1]
 [ 1  1  0 -1 -1  0  1]
 [ 1 -1  1  1 -1  0  1]
 [ 1  1 -1 -1  1  1  1]]
[2]
2
[[-1 -1  0  1 -1  0 -1]
 [ 1  1  0 -1 -1  0  1]
 [-1 -1  0 -1  1  0 -1]
 [ 1  1  0 -1 -1  0  1]
 [ 1 -1  1  1 -1  0  1]
 [ 1  1 -1 -1  1  1  1]]
[2]
2
[[-1 -1  0  1 -1  0 -1]
 [ 1  1  0 -1 -1  0  1]
 [-1 -1  0 -1  1  0 -1]
 [ 1  1  0 -1 -1  0  1]
 [ 1 -1  1  1 -1  0  1]
 [ 1  1 -1 -1  1  1  1]]
[2]
2
[[-1 -1  0  1 -1  0 -1]
 [ 1  1  0 -1 -1  0  1]
 [-1 -1  0 -1  1  0 -1]
 [ 1  1  0 -1 -1  0  1]
 [ 1 -1  1  1 -1  0  1]
 [ 1  1 -1 -1  1  1  1]]
[2]
2
[[-1 -1  0  1 -1  0 -1]
 [ 1  1  0 -1 -1  0  1]
 [-1 -1  0 -1  1  0 -1]
 [ 1  1  0 -1 -1  0  1]
 [ 1 -1  1  1 -1  0  1]
 [ 1  1 -1 -1  1  1  1]]
[2]
2
[[-1 -1  0  1 -1  0 -1]
 [ 1  1  0 -1 -1  0  1]
 [-1 -1  0 -1  1  0 -1]
 [ 1  1  0 -1 -1  0  1]
 [ 1 -1  1  1 -1  0  1]
 [ 1  1 -1 -1  1  1  1]]
[2]
2
[[-1 -1  0  1 -1  0 -1]
 [ 1  1  0 -1 -1  0  1]
 [-1 -1  0 -1  1  0 -1]
 [ 1  1  0 -1 -1  0  1]
 [ 1 -1  1  1 -1  0  1]
 [ 1  1 -1 -1  1  1  1]]
[2]
2
[[-1 -1  0  1 -1  0 -1]
 [ 1  1  0 -1 -1  0  1]
 [-1 -1  0 -1  1  0 -1]
 [ 1  1  0 -1 -1  0  1]
 [ 1 -1  1  1 -1  0  1]
 [ 1  1 -1 -1  1  1  1]]
[2]
2
[[ 0  0 -1  0  0  0  0]
 [ 0  0  1  1  0  0  0]
 [-1  0 -1 -1 -1  0 -1]
 [ 1  1 -1 -1  1  0  1]
 [ 1 -1 -1  1 -1  0 -1]
 [ 1  1  1 -1  1  1  1]]
[1, 4]
1
[[ 0  0 -1  0  0  0  0]
 [ 0  0  1  1  0  0  0]
 [-1  0 -1 -1 -1  0 -1]
 [ 1  1 -1 -1  1  0  1]
 [ 1 -1 -1  1 -1  0 -1]
 [ 1  1  1 -1  1  1  1]]
[1, 4]
1
[[ 0  0 -1  0  0  0  0]
 [ 0  0  1  1  0  0  0]
 [-1  0 -1 -1 -1  0 -1]
 [ 1  1 -1 -1  1  0  1]
 [ 1 -1 -1  1 -1  0 -1]
 [ 1  1  1 -1  1  1  1]]
[1, 4]
1
[[ 0  0 -1  0  0  0  0]
 [ 0  0  1  1  0  0  0]
 [-1  0 -1 -1 -1  0 -1]
 [ 1  1 -1 -1  1  0  1]
 [ 1 -1 -1  1 -1  0 -1]
 [ 1  1  1 -1  1  1  1]]
[1, 4]
1
[[ 0  0 -1  0  0  0  0]
 [ 0  0  1  1  0  0  0]
 [-1  0 -1 -1 -1  0 -1]
 [ 1  1 -1 -1  1  0  1]
 [ 1 -1 -1  1 -1  0 -1]
 [ 1  1  1 -1  1  1  1]]
[1, 4]
1
[[ 0  0 -1  0  0  0  0]
 [ 0  0  1  1  0  0  0]
 [-1  0 -1 -1 -1  0 -1]
 [ 1  1 -1 -1  1  0  1]
 [ 1 -1 -1  1 -1  0 -1]
 [ 1  1  1 -1  1  1  1]]
[1, 4]
1
[[ 0  0 -1  0  0  0  0]
 [ 0  0  1  1  0  0  0]
 [-1  0 -1 -1 -1  0 -1]
 [ 1  1 -1 -1  1  0  1]
 [ 1 -1 -1  1 -1  0 -1]
 [ 1  1  1 -1  1  1  1]]
[1, 4]
1
[[ 0  0 -1  0  0  0  0]
 [ 0  0  1  1  0  0  0]
 [-1  0 -1 -1 -1  0 -1]
 [ 1  1 -1 -1  1  0  1]
 [ 1 -1 -1  1 -1  0 -1]
 [ 1  1  1 -1  1  1  1]]
[1, 4]
1
[[ 0  0 -1  0  0  0  0]
 [ 0  0  1  1  0  0  0]
 [-1  0 -1 -1 -1  0 -1]
 [ 1  1 -1 -1  1  0  1]
 [ 1 -1 -1  1 -1  0 -1]
 [ 1  1  1 -1  1  1  1]]
[1, 4]
1
[[ 0  0 -1  0  0  0  0]
 [ 0  0  1  1  0  0  0]
 [-1  0 -1 -1 -1  0 -1]
 [ 1  1 -1 -1  1  0  1]
 [ 1 -1 -1  1 -1  0 -1]
 [ 1  1  1 -1  1  1  1]]
[1, 4]
1
[[ 0  0 -1  0  0  0  0]
 [ 0  0  1  1  0  0  0]
 [-1  0 -1 -1 -1  0 -1]
 [ 1  1 -1 -1  1  0  1]
 [ 1 -1 -1  1 -1  0 -1]
 [ 1  1  1 -1  1  1  1]]
[1, 4]
1
[[ 0  0 -1  0  0  0  0]
 [ 0  0  1  1  0  0  0]
 [-1  0 -1 -1 -1  0 -1]
 [ 1  1 -1 -1  1  0  1]
 [ 1 -1 -1  1 -1  0 -1]
 [ 1  1  1 -1  1  1  1]]
[1, 4]
1
[[ 0  0 -1  0  0  0  0]
 [ 0  0  1  1  0  0  0]
 [-1  0 -1 -1 -1  0 -1]
 [ 1  1 -1 -1  1  0  1]
 [ 1 -1 -1  1 -1  0 -1]
 [ 1  1  1 -1  1  1  1]]
[1, 4]
1
[[ 0  0 -1  0  0  0  0]
 [ 0  0  1  1  0  0  0]
 [-1  0 -1 -1 -1  0 -1]
 [ 1  1 -1 -1  1  0  1]
 [ 1 -1 -1  1 -1  0 -1]
 [ 1  1  1 -1  1  1  1]]
[1, 4]
1
[[ 0  0 -1  0  0  0  0]
 [ 0  0  1  1  0  0  0]
 [-1  0 -1 -1 -1  0 -1]
 [ 1  1 -1 -1  1  0  1]
 [ 1 -1 -1  1 -1  0 -1]
 [ 1  1  1 -1  1  1  1]]
[1, 4]
1
[[ 0  0 -1  0  0  0  0]
 [ 0  0  1  1  0  0  0]
 [-1  0 -1 -1 -1  0 -1]
 [ 1  1 -1 -1  1  0  1]
 [ 1 -1 -1  1 -1  0 -1]
 [ 1  1  1 -1  1  1  1]]
[1, 4]
1
[[-1  0  1 -1 -1  0 -1]
 [ 1  0 -1  1  1  0  1]
 [-1  0  1  1  1  0 -1]
 [ 1  0 -1 -1 -1  0  1]
 [ 1  1 -1  1 -1  0 -1]
 [ 1 -1  1 -1 -1  1  1]]
[1]
1
[[-1  0  1 -1 -1  0 -1]
 [ 1  0 -1  1  1  0  1]
 [-1  0  1  1  1  0 -1]
 [ 1  0 -1 -1 -1  0  1]
 [ 1  1 -1  1 -1  0 -1]
 [ 1 -1  1 -1 -1  1  1]]
[1]
1
[[-1  0  1 -1 -1  0 -1]
 [ 1  0 -1  1  1  0  1]
 [-1  0  1  1  1  0 -1]
 [ 1  0 -1 -1 -1  0  1]
 [ 1  1 -1  1 -1  0 -1]
 [ 1 -1  1 -1 -1  1  1]]
[1]
1
[[-1  0  1 -1 -1  0 -1]
 [ 1  0 -1  1  1  0  1]
 [-1  0  1  1  1  0 -1]
 [ 1  0 -1 -1 -1  0  1]
 [ 1  1 -1  1 -1  0 -1]
 [ 1 -1  1 -1 -1  1  1]]
[1]
1
[[-1  0  1 -1 -1  0 -1]
 [ 1  0 -1  1  1  0  1]
 [-1  0  1  1  1  0 -1]
 [ 1  0 -1 -1 -1  0  1]
 [ 1  1 -1  1 -1  0 -1]
 [ 1 -1  1 -1 -1  1  1]]
[1]
1
[[-1  0  1 -1 -1  0 -1]
 [ 1  0 -1  1  1  0  1]
 [-1  0  1  1  1  0 -1]
 [ 1  0 -1 -1 -1  0  1]
 [ 1  1 -1  1 -1  0 -1]
 [ 1 -1  1 -1 -1  1  1]]
[1]
1
[[-1  0  1 -1 -1  0 -1]
 [ 1  0 -1  1  1  0  1]
 [-1  0  1  1  1  0 -1]
 [ 1  0 -1 -1 -1  0  1]
 [ 1  1 -1  1 -1  0 -1]
 [ 1 -1  1 -1 -1  1  1]]
[1]
1
[[-1  0  1 -1 -1  0 -1]
 [ 1  0 -1  1  1  0  1]
 [-1  0  1  1  1  0 -1]
 [ 1  0 -1 -1 -1  0  1]
 [ 1  1 -1  1 -1  0 -1]
 [ 1 -1  1 -1 -1  1  1]]
[1]
1
[[-1  0  1 -1 -1  0 -1]
 [ 1  0 -1  1  1  0  1]
 [-1  0  1  1  1  0 -1]
 [ 1  0 -1 -1 -1  0  1]
 [ 1  1 -1  1 -1  0 -1]
 [ 1 -1  1 -1 -1  1  1]]
[1]
1
[[-1  0  1 -1 -1  0 -1]
 [ 1  0 -1  1  1  0  1]
 [-1  0  1  1  1  0 -1]
 [ 1  0 -1 -1 -1  0  1]
 [ 1  1 -1  1 -1  0 -1]
 [ 1 -1  1 -1 -1  1  1]]
[1]
1
[[-1  0  1 -1 -1  0 -1]
 [ 1  0 -1  1  1  0  1]
 [-1  0  1  1  1  0 -1]
 [ 1  0 -1 -1 -1  0  1]
 [ 1  1 -1  1 -1  0 -1]
 [ 1 -1  1 -1 -1  1  1]]
[1]
1
[[-1  0  1 -1 -1  0 -1]
 [ 1  0 -1  1  1  0  1]
 [-1  0  1  1  1  0 -1]
 [ 1  0 -1 -1 -1  0  1]
 [ 1  1 -1  1 -1  0 -1]
 [ 1 -1  1 -1 -1  1  1]]
[1]
1
[[-1  0  1 -1 -1  0 -1]
 [ 1  0 -1  1  1  0  1]
 [-1  0  1  1  1  0 -1]
 [ 1  0 -1 -1 -1  0  1]
 [ 1  1 -1  1 -1  0 -1]
 [ 1 -1  1 -1 -1  1  1]]
[1]
1
[[-1  0  1 -1 -1  0 -1]
 [ 1  0 -1  1  1  0  1]
 [-1  0  1  1  1  0 -1]
 [ 1  0 -1 -1 -1  0  1]
 [ 1  1 -1  1 -1  0 -1]
 [ 1 -1  1 -1 -1  1  1]]
[1]
1
[[-1  0  1 -1 -1  0 -1]
 [ 1  0 -1  1  1  0  1]
 [-1  0  1  1  1  0 -1]
 [ 1  0 -1 -1 -1  0  1]
 [ 1  1 -1  1 -1  0 -1]
 [ 1 -1  1 -1 -1  1  1]]
[1]
1
[[-1  0  1 -1 -1  0 -1]
 [ 1  0 -1  1  1  0  1]
 [-1  0  1  1  1  0 -1]
 [ 1  0 -1 -1 -1  0  1]
 [ 1  1 -1  1 -1  0 -1]
 [ 1 -1  1 -1 -1  1  1]]
[1]
1
[[-1  0  1 -1 -1  0 -1]
 [ 1  0 -1  1  1  0  1]
 [-1  0  1  1  1  0 -1]
 [ 1  0 -1 -1 -1  0  1]
 [ 1  1 -1  1 -1  0 -1]
 [ 1 -1  1 -1 -1  1  1]]
[1]
1
[[-1  0  1 -1 -1  0 -1]
 [ 1  0 -1  1  1  0  1]
 [-1  0  1  1  1  0 -1]
 [ 1  0 -1 -1 -1  0  1]
 [ 1  1 -1  1 -1  0 -1]
 [ 1 -1  1 -1 -1  1  1]]
[1]
1
[[-1  0  1 -1 -1  0 -1]
 [ 1  0 -1  1  1  0  1]
 [-1  0  1  1  1  0 -1]
 [ 1  0 -1 -1 -1  0  1]
 [ 1  1 -1  1 -1  0 -1]
 [ 1 -1  1 -1 -1  1  1]]
[1]
1
[[-1  0  1 -1 -1  0 -1]
 [ 1  0 -1  1  1  0  1]
 [-1  0  1  1  1  0 -1]
 [ 1  0 -1 -1 -1  0  1]
 [ 1  1 -1  1 -1  0 -1]
 [ 1 -1  1 -1 -1  1  1]]
[1]
1
[[-1  0  1 -1 -1  0 -1]
 [ 1  0 -1  1  1  0  1]
 [-1  0  1  1  1  0 -1]
 [ 1  0 -1 -1 -1  0  1]
 [ 1  1 -1  1 -1  0 -1]
 [ 1 -1  1 -1 -1  1  1]]
[1]
1
[[-1  0  1 -1 -1  0 -1]
 [ 1  0 -1  1  1  0  1]
 [-1  0  1  1  1  0 -1]
 [ 1  0 -1 -1 -1  0  1]
 [ 1  1 -1  1 -1  0 -1]
 [ 1 -1  1 -1 -1  1  1]]
[1]
1
[[-1  0  1 -1 -1  0 -1]
 [ 1  0 -1  1  1  0  1]
 [-1  0  1  1  1  0 -1]
 [ 1  0 -1 -1 -1  0  1]
 [ 1  1 -1  1 -1  0 -1]
 [ 1 -1  1 -1 -1  1  1]]
[1]
1
[[-1  0  1 -1 -1  0 -1]
 [ 1  0 -1  1  1  0  1]
 [-1  0  1  1  1  0 -1]
 [ 1  0 -1 -1 -1  0  1]
 [ 1  1 -1  1 -1  0 -1]
 [ 1 -1  1 -1 -1  1  1]]
[1]
1
[[-1  0  1 -1 -1  0 -1]
 [ 1  0 -1  1  1  0  1]
 [-1  0  1  1  1  0 -1]
 [ 1  0 -1 -1 -1  0  1]
 [ 1  1 -1  1 -1  0 -1]
 [ 1 -1  1 -1 -1  1  1]]
[1]
1
[[-1  0  1 -1 -1  0 -1]
 [ 1  0 -1  1  1  0  1]
 [-1  0  1  1  1  0 -1]
 [ 1  0 -1 -1 -1  0  1]
 [ 1  1 -1  1 -1  0 -1]
 [ 1 -1  1 -1 -1  1  1]]
[1]
1
[[-1  0  1 -1 -1  0 -1]
 [ 1  0 -1  1  1  0  1]
 [-1  0  1  1  1  0 -1]
 [ 1  0 -1 -1 -1  0  1]
 [ 1  1 -1  1 -1  0 -1]
 [ 1 -1  1 -1 -1  1  1]]
[1]
1
[[-1  0  1 -1 -1  0 -1]
 [ 1  0 -1  1  1  0  1]
 [-1  0  1  1  1  0 -1]
 [ 1  0 -1 -1 -1  0  1]
 [ 1  1 -1  1 -1  0 -1]
 [ 1 -1  1 -1 -1  1  1]]
[1]
1
[[-1  0  1 -1 -1  0 -1]
 [ 1  0 -1  1  1  0  1]
 [-1  0  1  1  1  0 -1]
 [ 1  0 -1 -1 -1  0  1]
 [ 1  1 -1  1 -1  0 -1]
 [ 1 -1  1 -1 -1  1  1]]
[1]
1
[[-1  0  1 -1 -1  0 -1]
 [ 1  0 -1  1  1  0  1]
 [-1  0  1  1  1  0 -1]
 [ 1  0 -1 -1 -1  0  1]
 [ 1  1 -1  1 -1  0 -1]
 [ 1 -1  1 -1 -1  1  1]]
[1]
1
[[-1  0  1 -1 -1  0 -1]
 [ 1  0 -1  1  1  0  1]
 [-1  0  1  1  1  0 -1]
 [ 1  0 -1 -1 -1  0  1]
 [ 1  1 -1  1 -1  0 -1]
 [ 1 -1  1 -1 -1  1  1]]
[1]
1
[[-1  0  1 -1 -1  0 -1]
 [ 1  0 -1  1  1  0  1]
 [-1  0  1  1  1  0 -1]
 [ 1  0 -1 -1 -1  0  1]
 [ 1  1 -1  1 -1  0 -1]
 [ 1 -1  1 -1 -1  1  1]]
[1]
1
[[-1  0  1 -1 -1  0 -1]
 [ 1  0 -1  1  1  0  1]
 [-1  0  1  1  1  0 -1]
 [ 1  0 -1 -1 -1  0  1]
 [ 1  1 -1  1 -1  0 -1]
 [ 1 -1  1 -1 -1  1  1]]
[1]
1
[[-1  0  1 -1 -1  0 -1]
 [ 1  0 -1  1  1  0  1]
 [-1  0  1  1  1  0 -1]
 [ 1  0 -1 -1 -1  0  1]
 [ 1  1 -1  1 -1  0 -1]
 [ 1 -1  1 -1 -1  1  1]]
[1]
1
[[-1  0  1 -1 -1  0 -1]
 [ 1  0 -1  1  1  0  1]
 [-1  0  1  1  1  0 -1]
 [ 1  0 -1 -1 -1  0  1]
 [ 1  1 -1  1 -1  0 -1]
 [ 1 -1  1 -1 -1  1  1]]
[1]
1
[[-1  0  1 -1 -1  0 -1]
 [ 1  0 -1  1  1  0  1]
 [-1  0  1  1  1  0 -1]
 [ 1  0 -1 -1 -1  0  1]
 [ 1  1 -1  1 -1  0 -1]
 [ 1 -1  1 -1 -1  1  1]]
[1]
1
[[-1  0  1 -1 -1  0 -1]
 [ 1  0 -1  1  1  0  1]
 [-1  0  1  1  1  0 -1]
 [ 1  0 -1 -1 -1  0  1]
 [ 1  1 -1  1 -1  0 -1]
 [ 1 -1  1 -1 -1  1  1]]
[1]
1
[[-1  0  1 -1 -1  0 -1]
 [ 1  0 -1  1  1  0  1]
 [-1  0  1  1  1  0 -1]
 [ 1  0 -1 -1 -1  0  1]
 [ 1  1 -1  1 -1  0 -1]
 [ 1 -1  1 -1 -1  1  1]]
[1]
1
[[-1  0  1 -1 -1  0 -1]
 [ 1  0 -1  1  1  0  1]
 [-1  0  1  1  1  0 -1]
 [ 1  0 -1 -1 -1  0  1]
 [ 1  1 -1  1 -1  0 -1]
 [ 1 -1  1 -1 -1  1  1]]
[1]
1
[[-1  0  1 -1 -1  0 -1]
 [ 1  0 -1  1  1  0  1]
 [-1  0  1  1  1  0 -1]
 [ 1  0 -1 -1 -1  0  1]
 [ 1  1 -1  1 -1  0 -1]
 [ 1 -1  1 -1 -1  1  1]]
[1]
1
[[-1  0  1 -1 -1  0 -1]
 [ 1  0 -1  1  1  0  1]
 [-1  0  1  1  1  0 -1]
 [ 1  0 -1 -1 -1  0  1]
 [ 1  1 -1  1 -1  0 -1]
 [ 1 -1  1 -1 -1  1  1]]
[1]
1
[[-1  0  1 -1 -1  0 -1]
 [ 1  0 -1  1  1  0  1]
 [-1  0  1  1  1  0 -1]
 [ 1  0 -1 -1 -1  0  1]
 [ 1  1 -1  1 -1  0 -1]
 [ 1 -1  1 -1 -1  1  1]]
[1]
1
[[-1 -1  0  1  1  0  1]
 [ 1 -1  0 -1 -1  0 -1]
 [-1  1  0 -1  1  0  1]
 [ 1  1  0 -1 -1  0 -1]
 [ 1 -1  0  1 -1  1  1]
 [ 1  1  1 -1  1 -1 -1]]
[5]
5
[[-1 -1  0  1  1  0  1]
 [ 1 -1  0 -1 -1  0 -1]
 [-1  1  0 -1  1  0  1]
 [ 1  1  0 -1 -1  0 -1]
 [ 1 -1  0  1 -1  1  1]
 [ 1  1  1 -1  1 -1 -1]]
[5]
5
[[-1 -1  0  1  1  0  1]
 [ 1 -1  0 -1 -1  0 -1]
 [-1  1  0 -1  1  0  1]
 [ 1  1  0 -1 -1  0 -1]
 [ 1 -1  0  1 -1  1  1]
 [ 1  1  1 -1  1 -1 -1]]
[5]
5
[[-1 -1  0  1  1  0  1]
 [ 1 -1  0 -1 -1  0 -1]
 [-1  1  0 -1  1  0  1]
 [ 1  1  0 -1 -1  0 -1]
 [ 1 -1  0  1 -1  1  1]
 [ 1  1  1 -1  1 -1 -1]]
[5]
5
[[-1 -1  0  1  1  0  1]
 [ 1 -1  0 -1 -1  0 -1]
 [-1  1  0 -1  1  0  1]
 [ 1  1  0 -1 -1  0 -1]
 [ 1 -1  0  1 -1  1  1]
 [ 1  1  1 -1  1 -1 -1]]
[5]
5
[[-1 -1  0  1  1  0  1]
 [ 1 -1  0 -1 -1  0 -1]
 [-1  1  0 -1  1  0  1]
 [ 1  1  0 -1 -1  0 -1]
 [ 1 -1  0  1 -1  1  1]
 [ 1  1  1 -1  1 -1 -1]]
[5]
5
[[-1 -1  0  1  1  0  1]
 [ 1 -1  0 -1 -1  0 -1]
 [-1  1  0 -1  1  0  1]
 [ 1  1  0 -1 -1  0 -1]
 [ 1 -1  0  1 -1  1  1]
 [ 1  1  1 -1  1 -1 -1]]
[5]
5
[[-1 -1  0  1  1  0  1]
 [ 1 -1  0 -1 -1  0 -1]
 [-1  1  0 -1  1  0  1]
 [ 1  1  0 -1 -1  0 -1]
 [ 1 -1  0  1 -1  1  1]
 [ 1  1  1 -1  1 -1 -1]]
[5]
5
[[-1 -1  0  1  1  0  1]
 [ 1 -1  0 -1 -1  0 -1]
 [-1  1  0 -1  1  0  1]
 [ 1  1  0 -1 -1  0 -1]
 [ 1 -1  0  1 -1  1  1]
 [ 1  1  1 -1  1 -1 -1]]
[5]
5
[[-1 -1  0  1  1  0  1]
 [ 1 -1  0 -1 -1  0 -1]
 [-1  1  0 -1  1  0  1]
 [ 1  1  0 -1 -1  0 -1]
 [ 1 -1  0  1 -1  1  1]
 [ 1  1  1 -1  1 -1 -1]]
[5]
5
[[-1 -1  0  1  1  0  1]
 [ 1 -1  0 -1 -1  0 -1]
 [-1  1  0 -1  1  0  1]
 [ 1  1  0 -1 -1  0 -1]
 [ 1 -1  0  1 -1  1  1]
 [ 1  1  1 -1  1 -1 -1]]
[5]
5
/home/student/PARL/benchmark/torch/AlphaZero/connect4_game.py:232: DeprecationWarning: tostring() is deprecated. Use tobytes() instead.
  return board.tostring()
[[-1 -1  0  1  1  0  1]
 [ 1 -1  0 -1 -1  0 -1]
 [-1  1  0 -1  1  0  1]
 [ 1  1  0 -1 -1  0 -1]
 [ 1 -1  0  1 -1  1  1]
 [ 1  1  1 -1  1 -1 -1]]
[5]
5
[[-1 -1  0  1  1  0  1]
 [ 1 -1  0 -1 -1  0 -1]
 [-1  1  0 -1  1  0  1]
 [ 1  1  0 -1 -1  0 -1]
 [ 1 -1  0  1 -1  1  1]
 [ 1  1  1 -1  1 -1 -1]]
[5]
5
[[-1 -1  0  1  1  0  1]
 [ 1 -1  0 -1 -1  0 -1]
 [-1  1  0 -1  1  0  1]
 [ 1  1  0 -1 -1  0 -1]
 [ 1 -1  0  1 -1  1  1]
 [ 1  1  1 -1  1 -1 -1]]
[5]
5
[[-1 -1  0  1  1  0  1]
 [ 1 -1  0 -1 -1  0 -1]
 [-1  1  0 -1  1  0  1]
 [ 1  1  0 -1 -1  0 -1]
 [ 1 -1  0  1 -1  1  1]
 [ 1  1  1 -1  1 -1 -1]]
[5]
5
[[-1 -1  0  1  1  0  1]
 [ 1 -1  0 -1 -1  0 -1]
 [-1  1  0 -1  1  0  1]
 [ 1  1  0 -1 -1  0 -1]
 [ 1 -1  0  1 -1  1  1]
 [ 1  1  1 -1  1 -1 -1]]
[5]
5
[[-1 -1  0  1  1  0  1]
 [ 1 -1  0 -1 -1  0 -1]
 [-1  1  0 -1  1  0  1]
 [ 1  1  0 -1 -1  0 -1]
 [ 1 -1  0  1 -1  1  1]
 [ 1  1  1 -1  1 -1 -1]]
[5]
5
[[-1 -1  0  1  1  0  1]
 [ 1 -1  0 -1 -1  0 -1]
 [-1  1  0 -1  1  0  1]
 [ 1  1  0 -1 -1  0 -1]
 [ 1 -1  0  1 -1  1  1]
 [ 1  1  1 -1  1 -1 -1]]
[5]
5
[[-1 -1  0  1  1  0  1]
 [ 1 -1  0 -1 -1  0 -1]
 [-1  1  0 -1  1  0  1]
 [ 1  1  0 -1 -1  0 -1]
 [ 1 -1  0  1 -1  1  1]
 [ 1  1  1 -1  1 -1 -1]]
[5]
5
[[-1 -1  0  1  1  0  1]
 [ 1 -1  0 -1 -1  0 -1]
 [-1  1  0 -1  1  0  1]
 [ 1  1  0 -1 -1  0 -1]
 [ 1 -1  0  1 -1  1  1]
 [ 1  1  1 -1  1 -1 -1]]
[5]
5
[[-1 -1  0  1  1  0  1]
 [ 1 -1  0 -1 -1  0 -1]
 [-1  1  0 -1  1  0  1]
 [ 1  1  0 -1 -1  0 -1]
 [ 1 -1  0  1 -1  1  1]
 [ 1  1  1 -1  1 -1 -1]]
[5]
5
[[-1 -1  0  1  1  0  1]
 [ 1 -1  0 -1 -1  0 -1]
 [-1  1  0 -1  1  0  1]
 [ 1  1  0 -1 -1  0 -1]
 [ 1 -1  0  1 -1  1  1]
 [ 1  1  1 -1  1 -1 -1]]
[5]
5
[[-1 -1  0  1  1  0  1]
 [ 1 -1  0 -1 -1  0 -1]
 [-1  1  0 -1  1  0  1]
 [ 1  1  0 -1 -1  0 -1]
 [ 1 -1  0  1 -1  1  1]
 [ 1  1  1 -1  1 -1 -1]]
[5]
5
[[ 0  0  0  0  0  0  0]
 [ 1  0  0  1  0  0  0]
 [-1  0 -1  1  0  0  0]
 [ 1  0  1 -1  0  0  0]
 [ 1  0 -1 -1 -1  0  0]
 [ 1  0 -1  1 -1  0  1]]
[5]
5
[[ 0  0  0  0  0  0  0]
 [ 1  0  0  1  0  0  0]
 [-1  0 -1  1  0  0  0]
 [ 1  0  1 -1  0  0  0]
 [ 1  0 -1 -1 -1  0  0]
 [ 1  0 -1  1 -1  0  1]]
[5]
5
[[ 0  0  0  0  0  0  0]
 [ 1  0  0  1  0  0  0]
 [-1  0 -1  1  0  0  0]
 [ 1  0  1 -1  0  0  0]
 [ 1  0 -1 -1 -1  0  0]
 [ 1  0 -1  1 -1  0  1]]
[5]
5
[[ 0  0  0  0  0  0  0]
 [ 1  0  0  1  0  0  0]
 [-1  0 -1  1  0  0  0]
 [ 1  0  1 -1  0  0  0]
 [ 1  0 -1 -1 -1  0  0]
 [ 1  0 -1  1 -1  0  1]]
[5]
5
[[ 0  0  0  0  0  0  0]
 [ 1  0  0  1  0  0  0]
 [-1  0 -1  1  0  0  0]
 [ 1  0  1 -1  0  0  0]
 [ 1  0 -1 -1 -1  0  0]
 [ 1  0 -1  1 -1  0  1]]
[5]
5
[[ 0  0  0  0  0  0  0]
 [ 1  0  0  1  0  0  0]
 [-1  0 -1  1  0  0  0]
 [ 1  0  1 -1  0  0  0]
 [ 1  0 -1 -1 -1  0  0]
 [ 1  0 -1  1 -1  0  1]]
[5]
5
[[-1  1  1 -1 -1 -1  0]
 [ 1 -1 -1 -1  1  1  1]
 [-1 -1  1  1  1 -1 -1]
 [ 1  1 -1 -1  1  1 -1]
 [-1 -1  1  1 -1 -1  1]
 [ 1  1  1 -1  1 -1  1]]
[6]
6
[[-1  1  1 -1 -1 -1  0]
 [ 1 -1 -1 -1  1  1  1]
 [-1 -1  1  1  1 -1 -1]
 [ 1  1 -1 -1  1  1 -1]
 [-1 -1  1  1 -1 -1  1]
 [ 1  1  1 -1  1 -1  1]]
[6]
6
[[-1  1  1 -1 -1 -1  0]
 [ 1 -1 -1 -1  1  1  1]
 [-1 -1  1  1  1 -1 -1]
 [ 1  1 -1 -1  1  1 -1]
 [-1 -1  1  1 -1 -1  1]
 [ 1  1  1 -1  1 -1  1]]
[6]
6
[[-1  1  1 -1 -1 -1  0]
 [ 1 -1 -1 -1  1  1  1]
 [-1 -1  1  1  1 -1 -1]
 [ 1  1 -1 -1  1  1 -1]
 [-1 -1  1  1 -1 -1  1]
 [ 1  1  1 -1  1 -1  1]]
[6]
6
[[-1  1  1 -1 -1 -1  0]
 [ 1 -1 -1 -1  1  1  1]
 [-1 -1  1  1  1 -1 -1]
 [ 1  1 -1 -1  1  1 -1]
 [-1 -1  1  1 -1 -1  1]
 [ 1  1  1 -1  1 -1  1]]
[6]
6
[[-1  1  1 -1 -1 -1  0]
 [ 1 -1 -1 -1  1  1  1]
 [-1 -1  1  1  1 -1 -1]
 [ 1  1 -1 -1  1  1 -1]
 [-1 -1  1  1 -1 -1  1]
 [ 1  1  1 -1  1 -1  1]]
[6]
6
[[-1  1  1 -1 -1 -1  0]
 [ 1 -1 -1 -1  1  1  1]
 [-1 -1  1  1  1 -1 -1]
 [ 1  1 -1 -1  1  1 -1]
 [-1 -1  1  1 -1 -1  1]
 [ 1  1  1 -1  1 -1  1]]
[6]
6
[[-1  1  1 -1 -1 -1  0]
 [ 1 -1 -1 -1  1  1  1]
 [-1 -1  1  1  1 -1 -1]
 [ 1  1 -1 -1  1  1 -1]
 [-1 -1  1  1 -1 -1  1]
 [ 1  1  1 -1  1 -1  1]]
[6]
6
[[-1  1  1 -1 -1 -1  0]
 [ 1 -1 -1 -1  1  1  1]
 [-1 -1  1  1  1 -1 -1]
 [ 1  1 -1 -1  1  1 -1]
 [-1 -1  1  1 -1 -1  1]
 [ 1  1  1 -1  1 -1  1]]
[6]
6
[[-1  1  1 -1 -1 -1  0]
 [ 1 -1 -1 -1  1  1  1]
 [-1 -1  1  1  1 -1 -1]
 [ 1  1 -1 -1  1  1 -1]
 [-1 -1  1  1 -1 -1  1]
 [ 1  1  1 -1  1 -1  1]]
[6]
6
[[-1  1  1 -1 -1 -1  0]
 [ 1 -1 -1 -1  1  1  1]
 [-1 -1  1  1  1 -1 -1]
 [ 1  1 -1 -1  1  1 -1]
 [-1 -1  1  1 -1 -1  1]
 [ 1  1  1 -1  1 -1  1]]
[6]
6
[[-1  1  1 -1 -1 -1  0]
 [ 1 -1 -1 -1  1  1  1]
 [-1 -1  1  1  1 -1 -1]
 [ 1  1 -1 -1  1  1 -1]
 [-1 -1  1  1 -1 -1  1]
 [ 1  1  1 -1  1 -1  1]]
[6]
6
[[-1  1  1 -1 -1 -1  0]
 [ 1 -1 -1 -1  1  1  1]
 [-1 -1  1  1  1 -1 -1]
 [ 1  1 -1 -1  1  1 -1]
 [-1 -1  1  1 -1 -1  1]
 [ 1  1  1 -1  1 -1  1]]
[6]
6
[[-1  1  1 -1 -1 -1  0]
 [ 1 -1 -1 -1  1  1  1]
 [-1 -1  1  1  1 -1 -1]
 [ 1  1 -1 -1  1  1 -1]
 [-1 -1  1  1 -1 -1  1]
 [ 1  1  1 -1  1 -1  1]]
[6]
6
[[-1  0 -1  1  0 -1 -1]
 [ 1  0  1 -1  0  1 -1]
 [-1  0 -1 -1  0 -1  1]
 [ 1  0 -1  1  1  1 -1]
 [ 1  1  1 -1 -1 -1  1]
 [ 1 -1  1 -1  1  1  1]]
[4]
4
[[-1  0 -1  1  0 -1 -1]
 [ 1  0  1 -1  0  1 -1]
 [-1  0 -1 -1  0 -1  1]
 [ 1  0 -1  1  1  1 -1]
 [ 1  1  1 -1 -1 -1  1]
 [ 1 -1  1 -1  1  1  1]]
[4]
4
[[-1  0 -1  1  0 -1 -1]
 [ 1  0  1 -1  0  1 -1]
 [-1  0 -1 -1  0 -1  1]
 [ 1  0 -1  1  1  1 -1]
 [ 1  1  1 -1 -1 -1  1]
 [ 1 -1  1 -1  1  1  1]]
[4]
4
[[-1  0 -1  1  0 -1 -1]
 [ 1  0  1 -1  0  1 -1]
 [-1  0 -1 -1  0 -1  1]
 [ 1  0 -1  1  1  1 -1]
 [ 1  1  1 -1 -1 -1  1]
 [ 1 -1  1 -1  1  1  1]]
[4]
4
[[-1  0 -1  1  0 -1 -1]
 [ 1  0  1 -1  0  1 -1]
 [-1  0 -1 -1  0 -1  1]
 [ 1  0 -1  1  1  1 -1]
 [ 1  1  1 -1 -1 -1  1]
 [ 1 -1  1 -1  1  1  1]]
[4]
4
[[-1  0 -1  1  0 -1 -1]
 [ 1  0  1 -1  0  1 -1]
 [-1  0 -1 -1  0 -1  1]
 [ 1  0 -1  1  1  1 -1]
 [ 1  1  1 -1 -1 -1  1]
 [ 1 -1  1 -1  1  1  1]]
[4]
4
[[-1  0 -1  1  0 -1 -1]
 [ 1  0  1 -1  0  1 -1]
 [-1  0 -1 -1  0 -1  1]
 [ 1  0 -1  1  1  1 -1]
 [ 1  1  1 -1 -1 -1  1]
 [ 1 -1  1 -1  1  1  1]]
[4]
4
[[-1  0 -1  1  0 -1 -1]
 [ 1  0  1 -1  0  1 -1]
 [-1  0 -1 -1  0 -1  1]
 [ 1  0 -1  1  1  1 -1]
 [ 1  1  1 -1 -1 -1  1]
 [ 1 -1  1 -1  1  1  1]]
[4]
4
[[-1  0 -1  1  0 -1 -1]
 [ 1  0  1 -1  0  1 -1]
 [-1  0 -1 -1  0 -1  1]
 [ 1  0 -1  1  1  1 -1]
 [ 1  1  1 -1 -1 -1  1]
 [ 1 -1  1 -1  1  1  1]]
[4]
4
[[-1  0 -1  1  0 -1 -1]
 [ 1  0  1 -1  0  1 -1]
 [-1  0 -1 -1  0 -1  1]
 [ 1  0 -1  1  1  1 -1]
 [ 1  1  1 -1 -1 -1  1]
 [ 1 -1  1 -1  1  1  1]]
[4]
4
[[-1  0 -1  1  0 -1 -1]
 [ 1  0  1 -1  0  1 -1]
 [-1  0 -1 -1  0 -1  1]
 [ 1  0 -1  1  1  1 -1]
 [ 1  1  1 -1 -1 -1  1]
 [ 1 -1  1 -1  1  1  1]]
[4]
4
[[-1  0 -1  1  0 -1 -1]
 [ 1  0  1 -1  0  1 -1]
 [-1  0 -1 -1  0 -1  1]
 [ 1  0 -1  1  1  1 -1]
 [ 1  1  1 -1 -1 -1  1]
 [ 1 -1  1 -1  1  1  1]]
[4]
4
[[-1  0 -1  1  0 -1 -1]
 [ 1  0  1 -1  0  1 -1]
 [-1  0 -1 -1  0 -1  1]
 [ 1  0 -1  1  1  1 -1]
 [ 1  1  1 -1 -1 -1  1]
 [ 1 -1  1 -1  1  1  1]]
[4]
4
[[-1  0 -1  1  0 -1 -1]
 [ 1  0  1 -1  0  1 -1]
 [-1  0 -1 -1  0 -1  1]
 [ 1  0 -1  1  1  1 -1]
 [ 1  1  1 -1 -1 -1  1]
 [ 1 -1  1 -1  1  1  1]]
[4]
4
[[-1  0 -1  1  0 -1 -1]
 [ 1  0  1 -1  0  1 -1]
 [-1  0 -1 -1  0 -1  1]
 [ 1  0 -1  1  1  1 -1]
 [ 1  1  1 -1 -1 -1  1]
 [ 1 -1  1 -1  1  1  1]]
[4]
4
[[-1  0 -1  1  0 -1 -1]
 [ 1  0  1 -1  0  1 -1]
 [-1  0 -1 -1  0 -1  1]
 [ 1  0 -1  1  1  1 -1]
 [ 1  1  1 -1 -1 -1  1]
 [ 1 -1  1 -1  1  1  1]]
[4]
4
477 477
