analist, pattern_name, step, vector, distance, metric, size, traj_size, path_size
-1, v2, 1, 0.12121212121212122, 0.42424242424242425, 0.05142332415059688, 750, 66, 33
-1, h2, 1, 0.2571428571428571, 1.6571428571428573, 0.42612244897959184, 735, 68, 33
-1, d21, 1, 0.375, 2.0, 0.75, 644, 64, 32
-1, d22, 1, 0.46875, 1.84375, 0.8642578125, 691, 64, 32
-1, e31, 1, 0.07407407407407407, 1.7777777777777777, 0.1316872427983539, 432, 54, 27
-1, e32, 1, 0.034482758620689655, 1.5862068965517242, 0.05469678953626635, 443, 58, 29
-1, e33, 1, 0.1724137931034483, 1.7586206896551724, 0.3032104637336504, 421, 58, 29
-1, e34, 1, 0.125, 1.625, 0.203125, 455, 64, 32
-1, h3, 1, 0.3870967741935484, 2.064516129032258, 0.7991675338189386, 393, 62, 31
-1, v3, 1, 0.0625, 0.125, 0.0078125, 505, 64, 32
-1, d31, 1, 0.1111111111111111, 1.8333333333333333, 0.2037037037037037, 213, 36, 18
-1, d32, 1, 0.6190476190476191, 1.7619047619047619, 1.090702947845805, 270, 42, 21
-1, h3e1, 1, 0.3793103448275862, 2.0344827586206895, 0.7717003567181925, 518, 58, 29
-1, h3e2, 1, 0.3333333333333333, 1.7, 0.5666666666666667, 502, 59, 29
-1, h3e3, 1, 0.4838709677419355, 2.193548387096774, 1.0613943808532778, 478, 57, 26
-1, v3e1, 1, 0.03225806451612903, 0.7741935483870968, 0.02497398543184183, 646, 62, 31
-1, v3e2, 1, 0.21875, 1.875, 0.41015625, 643, 64, 32
-1, v3e3, 1, 0.0967741935483871, 2.161290322580645, 0.20915712799167532, 639, 62, 31
-1, vh2e1, 1, 0.3888888888888889, 1.0555555555555556, 0.4104938271604938, 266, 36, 18
-1, vh2e2, 1, 0.034482758620689655, 1.6206896551724137, 0.05588585017835909, 361, 57, 28
-1, vh2e3, 1, 0.10344827586206896, 1.8620689655172413, 0.19262782401902495, 482, 56, 27
1, v2, 1, 0.2727272727272727, 1.1818181818181819, 0.32231404958677684, 750, 66, 33
1, h2, 1, 0.22857142857142856, 1.0857142857142856, 0.24816326530612243, 735, 68, 33
1, d21, 1, 0.6875, 1.21875, 0.837890625, 644, 64, 32
1, d22, 1, 0.40625, 1.15625, 0.4697265625, 691, 64, 32
1, e31, 1, 0.37037037037037035, 1.3703703703703705, 0.5075445816186557, 432, 54, 27
1, e32, 1, 0.5172413793103449, 1.4137931034482758, 0.7312722948870393, 443, 58, 29
1, e33, 1, 0.41379310344827586, 1.0689655172413792, 0.44233055885850175, 421, 58, 29
1, e34, 1, 0.46875, 1.46875, 0.6884765625, 455, 64, 32
1, h3, 1, 0.4838709677419355, 1.7741935483870968, 0.858480749219563, 393, 62, 31
1, v3, 1, 0.03125, 0.09375, 0.0029296875, 505, 64, 32
1, d31, 1, 0.8888888888888888, 1.6111111111111112, 1.4320987654320987, 213, 36, 18
1, d32, 1, 0.6190476190476191, 1.1428571428571428, 0.7074829931972789, 270, 42, 21
1, h3e1, 1, 0.7241379310344828, 1.7241379310344827, 1.248513674197384, 518, 58, 29
1, h3e2, 1, 0.3, 1.3, 0.39, 502, 59, 29
1, h3e3, 1, 0.6129032258064516, 1.6451612903225807, 1.008324661810614, 478, 57, 26
1, v3e1, 1, 0.12903225806451613, 1.1612903225806452, 0.14984391259105098, 646, 62, 31
1, v3e2, 1, 0.15625, 1.28125, 0.2001953125, 643, 64, 32
1, v3e3, 1, 0.06451612903225806, 0.9354838709677419, 0.06035379812695109, 639, 62, 31
1, vh2e1, 1, 0.7222222222222222, 1.1111111111111112, 0.8024691358024691, 266, 36, 18
1, vh2e2, 1, 0.4827586206896552, 1.2758620689655173, 0.6159334126040429, 361, 57, 28
1, vh2e3, 1, 0.4482758620689655, 0.9655172413793104, 0.43281807372175984, 482, 56, 27
-1, v2, 3, 0.09090909090909091, 1.292929292929293, 0.11753902662993573, 750, 66, 33
-1, h2, 3, 0.2571428571428572, 1.7714285714285716, 0.45551020408163273, 735, 68, 33
-1, d21, 3, 0.2604166666666667, 1.96875, 0.5126953125, 644, 64, 32
-1, d22, 3, 0.375, 1.8541666666666667, 0.6953125, 691, 64, 32
-1, e31, 3, 0.08641975308641979, 1.765432098765432, 0.15256820606614852, 432, 54, 27
-1, e32, 3, 3.828355257328126e-18, 1.7471264367816093, 6.6886206794698295e-18, 443, 58, 29
-1, e33, 3, 0.16091954022988506, 1.8390804597701147, 0.2959439820319725, 421, 58, 29
-1, e34, 3, 0.16666666666666666, 1.7916666666666667, 0.2986111111111111, 455, 64, 32
-1, h3, 3, 0.1827956989247312, 1.9462365591397848, 0.3557636721008209, 393, 62, 31
-1, v3, 3, 0.10416666666666667, 1.3854166666666665, 0.1443142361111111, 505, 64, 32
-1, d31, 3, 0.18518518518518523, 2.0000000000000004, 0.3703703703703705, 213, 36, 18
-1, d32, 3, 0.3412698412698413, 1.9365079365079363, 0.6608717561098513, 270, 42, 21
-1, h3e1, 3, 0.3103448275862069, 1.7471264367816093, 0.5422116527942925, 518, 58, 29
-1, h3e2, 3, 0.3222222222222222, 1.8444444444444443, 0.5943209876543208, 502, 59, 29
-1, h3e3, 3, 0.3010752688172043, 1.9784946236559138, 0.5956758006705977, 478, 57, 26
-1, v3e1, 3, 0.1182795698924731, 1.3333333333333337, 0.15770609318996417, 646, 62, 31
-1, v3e2, 3, 0.26041666666666663, 1.8958333333333335, 0.4937065972222222, 643, 64, 32
-1, v3e3, 3, 0.05376344086021506, 1.9569892473118278, 0.10521447566192624, 639, 62, 31
-1, vh2e1, 3, 0.20370370370370366, 1.351851851851852, 0.27537722908093276, 266, 36, 18
-1, vh2e2, 3, 0.08045977011494253, 1.8160919540229887, 0.14612234112828645, 361, 57, 28
-1, vh2e3, 3, 0.028735632183908053, 1.931034482758621, 0.05548949663099487, 482, 56, 27
1, v2, 3, 0.34343434343434337, 1.2525252525252526, 0.4301601877359453, 750, 66, 33
1, h2, 3, 0.27619047619047615, 1.342857142857143, 0.3708843537414966, 735, 68, 33
1, d21, 3, 0.40624999999999994, 1.3020833333333335, 0.5289713541666666, 644, 64, 32
1, d22, 3, 0.5520833333333333, 1.375, 0.7591145833333333, 691, 64, 32
1, e31, 3, 0.23456790123456792, 1.5123456790123457, 0.35474775186709345, 432, 54, 27
1, e32, 3, 0.3793103448275862, 1.4482758620689655, 0.549346016646849, 443, 58, 29
1, e33, 3, 0.2873563218390805, 1.517241379310345, 0.4359889021006739, 421, 58, 29
1, e34, 3, 0.3645833333333333, 1.4791666666666665, 0.5392795138888888, 455, 64, 32
1, h3, 3, 0.37634408602150543, 1.6774193548387095, 0.6312868539715575, 393, 62, 31
1, v3, 3, 0.203125, 1.2864583333333333, 0.2613118489583333, 505, 64, 32
1, d31, 3, 0.6851851851851851, 1.9351851851851853, 1.3259602194787379, 213, 36, 18
1, d32, 3, 0.373015873015873, 1.3650793650793651, 0.509196271101033, 270, 42, 21
1, h3e1, 3, 0.5977011494252874, 1.6321839080459768, 0.975558197912538, 518, 58, 29
1, h3e2, 3, 0.4222222222222222, 1.661111111111111, 0.701358024691358, 502, 59, 29
1, h3e3, 3, 0.6774193548387095, 1.6989247311827955, 1.1508844953173774, 478, 57, 26
1, v3e1, 3, 0.15053763440860216, 1.3225806451612905, 0.19909816163718352, 646, 62, 31
1, v3e2, 3, 0.3020833333333333, 1.6041666666666667, 0.4845920138888889, 643, 64, 32
1, v3e3, 3, 0.03763440860215054, 1.241935483870968, 0.04673950745750955, 639, 62, 31
1, vh2e1, 3, 0.48148148148148145, 1.1111111111111112, 0.5349794238683128, 266, 36, 18
1, vh2e2, 3, 0.47126436781609193, 1.3333333333333335, 0.628352490421456, 361, 57, 28
1, vh2e3, 3, 0.4080459770114942, 1.1896551724137931, 0.4854340071343638, 482, 56, 27
-1, v2, 5, 0.1272727272727273, 1.484848484848485, 0.18898071625344356, 750, 66, 33
-1, h2, 5, 0.2142857142857143, 1.7614285714285716, 0.3774489795918368, 735, 68, 33
-1, d21, 5, 0.11249999999999999, 1.8812499999999999, 0.21164062499999997, 644, 64, 32
-1, d22, 5, 0.30781250000000004, 1.8187499999999999, 0.5598339843750001, 691, 64, 32
-1, e31, 5, 0.19999999999999998, 1.9981481481481485, 0.39962962962962967, 432, 54, 27
-1, e32, 5, 0.07758620689655173, 1.8379310344827586, 0.14259809750297267, 443, 58, 29
-1, e33, 5, 0.14482758620689656, 1.9120689655172414, 0.2769203329369798, 421, 58, 29
-1, e34, 5, 0.246875, 1.9156250000000001, 0.47291992187500004, 455, 64, 32
-1, h3, 5, 0.17258064516129032, 1.8580645161290326, 0.32066597294484916, 393, 62, 31
-1, v3, 5, 0.17500000000000004, 1.6437499999999998, 0.28765625000000006, 505, 64, 32
-1, d31, 5, 0.24166666666666664, 2.122222222222222, 0.5128703703703702, 213, 36, 18
-1, d32, 5, 0.2777777777777778, 1.8825396825396825, 0.5229276895943563, 270, 42, 21
-1, h3e1, 5, 0.35172413793103446, 1.8275862068965514, 0.6428061831153388, 518, 58, 29
-1, h3e2, 5, 0.275, 1.8077777777777777, 0.4971388888888889, 502, 59, 29
-1, h3e3, 5, 0.31935483870967746, 1.9451612903225806, 0.6211966701352758, 478, 57, 26
-1, v3e1, 5, 0.013978494623655914, 1.5564516129032258, 0.021756850502948316, 646, 62, 31
-1, v3e2, 5, 0.34375000000000006, 1.9125, 0.6574218750000002, 643, 64, 32
-1, v3e3, 5, 0.06290322580645161, 1.9064516129032258, 0.11992195629552549, 639, 62, 31
-1, vh2e1, 5, 0.21481481481481482, 1.6296296296296298, 0.35006858710562416, 266, 36, 18
-1, vh2e2, 5, 0.12873563218390807, 1.8344827586206895, 0.23616329766151412, 361, 57, 28
-1, vh2e3, 5, 0.005172413793103422, 1.8321839080459772, 0.009476813317479144, 482, 56, 27
1, v2, 5, 0.4303030303030303, 1.5696969696969696, 0.67544536271809, 750, 66, 33
1, h2, 5, 0.3657142857142857, 1.3314285714285712, 0.48692244897959175, 735, 68, 33
1, d21, 5, 0.3375, 1.475, 0.49781250000000005, 644, 64, 32
1, d22, 5, 0.6125, 1.4875, 0.9110937500000001, 691, 64, 32
1, e31, 5, 0.3851851851851852, 1.6296296296296295, 0.6277091906721536, 432, 54, 27
1, e32, 5, 0.3724137931034483, 1.5310344827586209, 0.570178359096314, 443, 58, 29
1, e33, 5, 0.29425287356321844, 1.5793103448275863, 0.46471660721363467, 421, 58, 29
1, e34, 5, 0.38749999999999996, 1.6375, 0.6345312499999999, 455, 64, 32
1, h3, 5, 0.432258064516129, 1.738709677419355, 0.7515712799167534, 393, 62, 31
1, v3, 5, 0.2260416666666667, 1.553125, 0.3510709635416667, 505, 64, 32
1, d31, 5, 0.6675925925925926, 2.0092592592592595, 1.3413665980795613, 213, 36, 18
1, d32, 5, 0.4428571428571429, 1.580952380952381, 0.7001360544217688, 270, 42, 21
1, h3e1, 5, 0.6551724137931034, 1.7310344827586208, 1.134126040428062, 518, 58, 29
1, h3e2, 5, 0.42666666666666664, 1.7211111111111115, 0.7343407407407408, 502, 59, 29
1, h3e3, 5, 0.6967741935483871, 1.8193548387096776, 1.2676795005202914, 478, 57, 26
1, v3e1, 5, 0.27096774193548384, 1.508064516129032, 0.40863683662851186, 646, 62, 31
1, v3e2, 5, 0.30625, 1.6875, 0.516796875, 643, 64, 32
1, v3e3, 5, 0.022580645161290314, 1.3344086021505375, 0.030131807145334706, 639, 62, 31
1, vh2e1, 5, 0.462037037037037, 1.3064814814814814, 0.6036428326474622, 266, 36, 18
1, vh2e2, 5, 0.47586206896551725, 1.5103448275862068, 0.7187158145065398, 361, 57, 28
1, vh2e3, 5, 0.3563218390804598, 1.4080459770114941, 0.5017175320385784, 482, 56, 27
