[11-23 16:18:49 MainThread @logger.py:242] Argv: 1123.py
/home/student/.local/lib/python3.8/site-packages/torch/cuda/__init__.py:107: UserWarning: CUDA initialization: Unexpected error from cudaGetDeviceCount(). Did you run some cuda functions before calling NumCudaDevices() that might have already set an error? Error 804: forward compatibility was attempted on non supported HW (Triggered internally at ../c10/cuda/CUDAFunctions.cpp:109.)
  return torch._C._cuda_getDeviceCount() > 0
[11-23 16:18:52 MainThread @__init__.py:44] PARL detects two backend frameworks: paddle, torch. Use paddle by default.
[11-23 16:18:52 MainThread @__init__.py:45] To use torch as backend, `export PARL_BACKEND=torch` before running the scripts.
30 9 188 66
手番修正版
analist: 1 baseline:2 step:4 tail:3
[[21, 22, 23, 24]] [[22, 23, 24, 25]] 0 0.75
[[21, 22, 23, 24]] [[22, 23, 24, 25]] [22, 23, 24, 25] 16 [[2, 2, 6, 5, 2, 6, 1, 6, 6, 6, 6, 5, 5, 5, 5, 5, 5, 4, 4], [2, 2, 6, 6, 3, 5, 2, 5, 5, 6, 1, 6, 6, 6, 6, 5, 5, 4, 4], [2, 2, 3, 5, 2, 6, 2, 6, 6, 6, 6, 5, 5, 5, 5, 5, 5, 4, 4], [2, 2, 3, 0, 1, 6, 6, 6, 6, 5, 5, 5, 5, 5, 5, 4, 4], [2, 3, 2, 2, 2, 6, 2, 6, 6, 6, 6, 5, 5, 5, 5, 5, 5, 4, 4], [3, 3, 1, 2, 3, 1, 6, 6, 6, 6, 6, 5, 5, 5, 5, 5, 5, 4, 4]]0 0.75
--------
[[21, 22, 23, 24]] [[22, 23, 24, 25]] 0 0.75
[[21, 22, 23, 24]] [[22, 23, 24, 25]] [22, 23, 24, 25] 16 [[3, 6, 2, 2, 1, 6, 6, 6, 6, 5, 5, 5, 5, 5, 5, 4, 4], [3, 6, 2, 6, 6, 6, 6, 6, 6, 5, 5, 5, 5, 5, 5, 4, 4], [3, 6, 1, 0, 2, 6, 6, 6, 6, 5, 5, 5, 5, 5, 5, 4, 4], [3, 6, 1, 6, 6, 6, 6, 6, 6, 5, 5, 5, 5, 5, 5, 4, 4], [3, 1, 6, 5, 2, 5, 5, 5, 5, 1, 6, 6, 6, 6, 6, 4, 4], [3, 1, 6, 6, 6, 6, 2, 1, 5, 5, 5, 5, 5, 6, 6, 4, 4], [3, 1, 2, 2, 5, 5, 3, 5, 1, 2, 6, 6, 6, 6, 6, 4, 4], [3, 1, 2, 6, 6, 5, 5, 6, 3, 5, 5, 1, 2, 6, 6, 4, 4], [2, 5, 5, 6, 2, 6, 6, 6, 6, 5, 5, 5, 5, 5, 5, 4, 4], [2, 5, 5, 5, 6, 6, 6, 6, 6, 5, 5, 5, 5, 5, 5, 4, 4], [2, 5, 3, 6, 2, 2, 6, 6, 6, 5, 5, 5, 5, 5, 5, 4, 4], [2, 3, 1, 2, 6, 6, 6, 5, 5, 5, 5, 5, 5, 4, 4], [2, 3, 2, 1, 6, 6, 6, 2, 1, 5, 5, 5, 5, 5, 5, 4, 4], [2, 3, 2, 6, 1, 6, 6, 6, 6, 5, 5, 5, 5, 5, 5, 4, 4]]0 0.75
--------
[[21, 22, 23, 24]] [[22, 23, 24, 25]] 0 0.75
[[21, 22, 23, 24]] [[22, 23, 24, 25]] [22, 23, 24, 25] 16 [[6, 6, 6, 5, 6, 2, 1, 5, 5, 5, 5, 5, 5, 4, 4], [6, 6, 6, 6, 2, 6, 6, 5, 5, 5, 5, 5, 5, 4, 4], [6, 3, 1, 2, 6, 6, 6, 5, 5, 5, 5, 5, 5, 4, 4], [6, 3, 1, 6, 5, 6, 6, 5, 5, 6, 6, 5, 5, 4, 4], [6, 3, 2, 1, 1, 5, 5, 5, 5, 5, 5, 4, 4], [6, 3, 2, 6, 1, 6, 5, 5, 5, 5, 5, 4, 4], [3, 2, 6, 5, 1, 5, 5, 5, 5, 5, 5, 6, 6, 4, 4], [3, 2, 1, 5, 2, 5, 5, 5, 5, 5, 5, 6, 6, 4, 4], [3, 2, 1, 6, 6, 6, 6, 5, 5, 5, 5, 5, 5, 4, 4], [3, 6, 5, 5, 1, 5, 5, 5, 5, 5, 5, 4, 4], [3, 6, 5, 6, 2, 6, 6, 5, 5, 5, 5, 5, 5, 4, 4], [3, 6, 6, 1, 3, 2, 1, 5, 5, 5, 5, 5, 5, 4, 4]]0 0.75
--------
[[0, 1, 2, 3], [1, 2, 3, 4]] [[21, 22, 23, 24]] 0 0.0
[[0, 1, 2, 3], [1, 2, 3, 4]] [[21, 22, 23, 24]] [21, 22, 23, 24] 16 [[1, 3, 5, 6, 2, 5, 5, 2, 2, 3, 2, 5, 5, 1, 1, 1, 0, 6, 6, 6, 6, 0, 0], [5, 6, 1, 3, 2, 5, 5, 2, 2, 3, 2, 5, 5, 1, 1, 1, 0, 6, 6, 6, 6, 0, 0]]0 0.0
--------
[[0, 1, 2, 3], [1, 2, 3, 4]] [[19, 25, 31, 37]] 0 0.0
[[0, 1, 2, 3], [1, 2, 3, 4]] [[19, 25, 31, 37]] [19, 25, 31, 37] 16 [[5, 6, 6, 5, 2, 4, 3, 2, 6, 6, 6, 6, 6, 0, 0, 0, 0, 0, 0, 1, 1, 1, 1, 4, 4, 5, 5], [5, 5, 6, 6, 5], [5, 5, 4, 6, 5], [4, 2, 2, 3, 5]]0 0.0
--------
[[0, 1, 2, 3], [1, 2, 3, 4]] [[19, 25, 31, 37]] 0 0.0
[[0, 1, 2, 3], [1, 2, 3, 4]] [[19, 25, 31, 37]] [19, 25, 31, 37] 16 [[2, 1, 6, 5, 3, 2, 6, 6, 6, 6, 6, 0, 0, 0, 0, 0, 0, 1, 1, 1, 1, 4, 4, 5, 5], [2, 1, 6, 6, 4, 4, 3, 2, 4, 0, 0, 0, 0, 0, 0, 1, 1, 1, 1, 6, 6, 6, 6, 5, 5], [2, 1, 5, 5, 2, 4, 3, 2, 4, 0, 0, 0, 0, 0, 0, 1, 1, 1, 1, 6, 6, 6, 6, 5, 5], [2, 3, 2, 1, 5]]0 0.0
--------
[[0, 1, 2, 3], [1, 2, 3, 4]] [[19, 25, 31, 37]] 0 0.0
[[0, 1, 2, 3], [1, 2, 3, 4]] [[19, 25, 31, 37]] [19, 25, 31, 37] 16 [[3, 5, 2, 4, 2, 6, 6, 6, 6, 6, 0, 0, 0, 0, 0, 0, 1, 1, 1, 1, 4, 4, 5, 5], [3, 5, 5, 2, 4, 3, 2, 4, 0, 0, 0, 0, 0, 0, 1, 1, 1, 1, 6, 6, 6, 6, 5, 5], [3, 2, 1, 1, 4, 3, 2, 4, 0, 0, 0, 0, 0, 0, 1, 1, 1, 1, 6, 6, 6, 6, 5, 5], [2, 2, 4, 4]]0 0.0
--------
[[0, 1, 2, 3], [1, 2, 3, 4]] [[19, 25, 31, 37]] 0 0.0
[[0, 1, 2, 3], [1, 2, 3, 4]] [[19, 25, 31, 37]] [19, 25, 31, 37] 16 [[4, 6, 5, 6, 6, 6, 6, 0, 0, 0, 0, 0, 0, 1, 1, 1, 1, 4, 4, 5, 5], [4, 6, 5, 5, 0, 6, 6, 6, 6, 0, 0, 0, 0, 1, 1, 1, 1, 4, 4, 5, 5], [4, 6, 3, 0, 6, 6, 6, 6, 6, 1, 1, 1, 1, 0, 0, 0, 0, 0, 0, 5, 5], [4, 6, 3, 6, 4, 6, 6, 6, 6, 1, 1, 1, 1, 0, 0, 0, 0, 0, 0, 5, 5], [4, 3, 2, 4, 5], [4, 3, 4, 2, 6, 6, 6, 5, 5], [3, 6, 2, 0, 1, 1, 1, 2, 6, 6, 6, 6, 6, 0, 0, 0, 0, 0, 0, 5, 5], [3, 2, 4, 6, 6, 4, 2, 6, 6, 5, 5], [3, 2, 4, 4, 6, 5, 5]]0 0.0
--------
[[16, 17, 18, 19], [17, 18, 19, 20]] [[15, 16, 17, 18]] 0 0.75
[[16, 17, 18, 19], [17, 18, 19, 20]] [[15, 16, 17, 18]] [15, 16, 17, 18] 16 [[3, 1, 2, 6, 3, 5, 3, 6, 0, 0, 1, 3, 4, 1, 1, 1, 1, 2, 2]]0 0.75
--------
[[16, 17, 18, 19], [17, 18, 19, 20]] [[17, 25, 33, 41]] 0 0.25
[[16, 17, 18, 19], [17, 18, 19, 20]] [[17, 25, 33, 41]] [17, 25, 33, 41] 16 [[1, 1, 6, 5, 5], [1, 1, 6, 6, 4, 6, 0, 0, 1, 6, 6, 6, 6, 2, 2, 2, 2, 5, 5], [1, 1, 1, 3, 6, 5, 5]]0 0.25
--------
[[16, 17, 18, 19], [17, 18, 19, 20]] [[15, 16, 17, 18]] 0 0.75
[[16, 17, 18, 19], [17, 18, 19, 20]] [[15, 16, 17, 18]] [15, 16, 17, 18] 16 [[0, 6, 5, 5, 1, 3, 4, 1, 1, 1, 1, 2, 2], [0, 6, 5, 6, 4, 0, 1, 1, 1, 1, 1, 2, 2], [0, 6, 6, 5, 0, 0, 1, 1, 1, 1, 1, 2, 2], [0, 6, 6, 6, 0, 3, 1, 1, 1, 1, 1, 6, 6, 6, 6, 2, 2], [0, 3, 4, 6, 4, 0, 1, 1, 1, 1, 1, 2, 2], [0, 3, 4, 3, 4, 6, 1, 1, 1, 1, 1, 2, 2], [0, 3, 1, 2, 0, 0, 1, 1, 1, 1, 1, 2, 2], [3, 3, 4, 5, 3, 4, 6, 6, 6, 6, 6, 1, 1, 1, 1, 2, 2], [3, 3, 0, 0, 1, 0, 6, 6, 6, 6, 6, 2, 2, 2, 2, 1, 1], [3, 3, 0, 6, 1, 3, 0, 2, 2, 2, 2, 6, 6, 6, 6, 1, 1]]0 0.75
--------
[[16, 17, 18, 19], [17, 18, 19, 20]] [[15, 16, 17, 18]] 0 0.75
[[16, 17, 18, 19], [17, 18, 19, 20]] [[15, 16, 17, 18]] [15, 16, 17, 18] 16 [[3, 4, 5, 5, 3, 4, 1, 1, 1, 1, 2, 2], [3, 4, 5, 6, 3, 1, 1, 1, 1, 1, 2, 2], [3, 4, 6, 6, 0, 1, 1, 1, 1, 1, 2, 2], [3, 4, 6, 0, 0, 4, 1, 1, 1, 1, 2, 2], [3, 0, 0, 1, 0, 1, 1, 1, 1, 1, 2, 2], [3, 0, 6, 1, 3, 1, 1, 1, 1, 1, 6, 6, 6, 6, 2, 2], [3, 0, 6, 4, 3, 0, 1, 1, 1, 1, 6, 6, 6, 6, 2, 2], [6, 4, 0, 1, 0, 1, 1, 1, 1, 1, 2, 2], [6, 4, 0, 0, 0, 4, 1, 1, 1, 1, 2, 2], [6, 4, 3, 6, 6, 1, 1, 1, 1, 1, 2, 2], [6, 4, 3, 0, 6, 4, 1, 1, 1, 1, 2, 2], [6, 0, 3, 1, 0, 1, 1, 1, 1, 1, 2, 2]]0 0.75
--------
[[19, 25, 31, 37]] [[31, 32, 33, 34]] 0 0.25
[[19, 25, 31, 37]] [[31, 32, 33, 34]] [31, 32, 33, 34] 16 [[1, 3, 6, 6, 3, 6, 0, 0, 0, 0, 5, 6, 6, 6, 6, 4], [1, 3, 1, 5, 1, 1, 3, 6, 6, 6, 6, 0, 0, 0, 0, 4], [1, 3, 1, 6, 3, 6, 1, 6, 6, 6, 6, 4], [3, 6, 4, 6, 3, 6, 0, 0, 0, 0, 5, 6, 6, 6, 6, 4], [3, 6, 1, 6, 3, 6, 3, 4]]0 0.25
--------
[[19, 25, 31, 37]] [[28, 29, 30, 31]] 0 0.25
[[19, 25, 31, 37]] [[28, 29, 30, 31]] [28, 29, 30, 31] 16 [[5, 5, 6, 5, 4, 5, 5, 4, 5, 0, 5, 0, 0, 0, 6, 6, 6, 6, 6, 2, 2], [5, 5, 6, 6, 5, 3, 4, 4, 5, 0, 5, 0, 0, 0, 6, 6, 6, 6, 6, 2, 2], [5, 5, 4, 3, 4, 3, 3, 4, 5, 5, 6, 6, 6, 0, 0, 0, 0, 6, 6, 2, 2], [5, 3, 6, 6, 3, 3, 4, 4, 5, 0, 5, 0, 0, 0, 6, 6, 6, 6, 6, 2, 2], [4, 4, 5, 3, 4, 3, 3, 4, 5, 5, 6, 6, 6, 0, 0, 0, 0, 6, 6, 2, 2]]0 0.25
--------
[[19, 25, 31, 37]] [[28, 29, 30, 31]] 0 0.25
[[19, 25, 31, 37]] [[28, 29, 30, 31]] [28, 29, 30, 31] 16 [[5, 4, 6, 5, 5, 5, 4, 5, 0, 5, 0, 0, 0, 6, 6, 6, 6, 6, 2, 2], [5, 4, 6, 6, 5, 4, 4, 5, 5, 6, 6, 6, 6, 6, 0, 0, 0, 0, 2, 2], [5, 4, 4, 6, 3, 4, 4, 5, 0, 5, 0, 0, 0, 6, 6, 6, 6, 6, 2, 2], [5, 5, 3, 5, 3, 3, 4, 5, 5, 6, 6, 6, 0, 0, 0, 0, 6, 6, 2, 2], [5, 5, 3, 3, 3, 4, 4, 5, 5, 6, 6, 6, 6, 6, 0, 0, 0, 0, 2, 2], [4, 5, 3, 6, 3, 4, 4, 5, 0, 5, 0, 0, 0, 6, 6, 6, 6, 6, 2, 2]]0 0.25
--------
[[17, 18, 19, 20]] [[17, 18, 19, 20]] 1 1.0
[[17, 18, 19, 20]] [[17, 18, 19, 20]] [17, 18, 19, 20] 16 [[1, 3, 6, 0, 0, 1, 4, 4, 4, 5, 5, 5, 5, 5, 5, 6, 6, 6, 6], [1, 3, 6, 6, 4, 4, 4, 0, 0, 5, 5, 5, 5, 5, 5, 6, 6, 6, 6], [1, 3, 4, 0, 3, 1, 4, 0, 0, 5, 5, 5, 5, 5, 5, 6, 6, 6, 6], [4, 2, 6, 6, 6, 3, 4, 4, 4, 4, 4, 6, 6, 6, 6, 5, 5, 5, 5], [4, 2, 4, 6, 4, 4, 4, 4, 4, 5, 5, 5, 5, 5, 5, 6, 6, 6, 6]]1 1.0
--------
[[17, 18, 19, 20]] [[17, 18, 19, 20]] 1 1.0
[[17, 18, 19, 20]] [[17, 18, 19, 20]] [17, 18, 19, 20] 16 [[2, 6, 5, 5, 1, 4, 4, 4, 5, 5, 5, 5, 5, 5, 6, 6, 6, 6], [2, 6, 5, 6, 0, 4, 4, 4, 5, 5, 5, 5, 5, 5, 6, 6, 6, 6], [2, 6, 6, 5, 4, 4, 0, 0, 5, 5, 5, 5, 5, 5, 6, 6, 6, 6], [2, 4, 6, 6, 1, 4, 0, 0, 5, 5, 5, 5, 5, 5, 6, 6, 6, 6]]1 1.0
--------
[[17, 18, 19, 20]] [[14, 22, 30, 38]] 0 0.0
[[17, 18, 19, 20]] [[14, 22, 30, 38]] [14, 22, 30, 38] 16 [[6, 6, 5, 5, 6, 6, 6, 6, 4, 3, 0, 0, 5, 5, 5, 5, 5, 5, 2, 2], [6, 6, 5, 6, 4, 6, 6, 6, 6, 6, 0, 0, 5, 5, 5, 5, 5, 5, 2, 2], [6, 6, 6, 5, 1, 3, 4, 6, 6, 6, 6, 0, 0, 2], [4, 6, 5, 5, 0, 0, 4, 3, 6, 6, 6, 6, 2, 2]]0 0.0
--------
[[15, 16, 17, 18]] [[3, 9, 15, 21]] 0 0.25
[[15, 16, 17, 18]] [[3, 9, 15, 21]] [3, 9, 15, 21] 16 [[2, 5, 3, 6, 2, 3, 1, 3, 5, 5, 5, 5, 5, 5, 0, 1, 6, 4, 4, 4, 6, 0], [2, 3, 3, 6, 3, 3, 1, 3, 5, 5, 5, 5, 5, 5, 0, 1, 6, 4, 4, 4, 6, 0]]0 0.25
--------
[[15, 16, 17, 18]] [[0, 8, 16, 24]] 0 0.25
[[15, 16, 17, 18]] [[0, 8, 16, 24]] [0, 8, 16, 24] 16 [[6, 6, 5, 5, 6, 1, 6, 0, 3, 1, 5, 4, 4, 5, 5, 5, 5, 5, 4, 4, 4, 4, 0, 0, 0, 0], [6, 6, 5, 6, 3, 3, 5, 6, 5, 0, 0, 0, 0, 0]]0 0.25
--------
[[9, 10, 11, 12]] [[3, 9, 15, 21]] 0 0.25
[[9, 10, 11, 12]] [[3, 9, 15, 21]] [3, 9, 15, 21] 16 [[5, 6, 5, 5, 4, 3, 6, 1, 6, 6, 6, 6, 5, 5, 5, 4, 5, 4, 4, 0, 0, 1, 1, 1, 1, 0]]0 0.25
--------
[[9, 10, 11, 12]] [[14, 15, 16, 17]] 0 0.0
[[9, 10, 11, 12]] [[14, 15, 16, 17]] [14, 15, 16, 17] 16 [[0, 4, 3, 3, 2, 3, 1, 0, 0, 0, 0, 1, 6, 6, 6, 6, 6, 5, 5, 1, 1], [0, 4, 3, 4, 2, 2, 1, 0, 0, 0, 0, 6, 6, 6, 6, 6, 1, 1, 1], [0, 4, 2, 2, 0, 3, 1, 0, 0, 0, 0, 6, 6, 6, 6, 6, 1, 1, 1]]0 0.0
--------
[[9, 10, 11, 12]] [[9, 10, 11, 12]] 1 1.0
[[9, 10, 11, 12]] [[9, 10, 11, 12]] [9, 10, 11, 12] 16 [[2, 6, 5, 5, 4, 4, 4, 5], [2, 6, 5, 6, 5, 4, 4, 4], [2, 3, 6, 5, 2, 4, 4, 4], [2, 3, 6, 6, 4, 2, 2, 4]]1 1.0
--------
[[20, 26, 32, 38]] [[12, 18, 24, 30]] 0 0.0
[[20, 26, 32, 38]] [[12, 18, 24, 30]] [12, 18, 24, 30] 16 [[1, 6, 5, 5, 6, 1, 5, 0, 0, 4, 4, 4, 5, 0, 0, 0, 0, 6, 6, 6, 6, 5, 5, 5, 5, 2], [1, 6, 5, 6, 4, 0, 6, 6, 6, 6, 6, 4, 0, 1, 0, 1, 0, 0, 0, 5, 5, 5, 5, 5, 5, 2], [1, 6, 6, 5, 4, 5, 6, 0, 5, 5, 5, 5, 5, 6, 6, 6, 6, 4, 4, 4, 0, 0, 0, 0, 0, 2], [1, 1, 6, 5, 6, 4, 4, 5, 5, 5, 5, 5, 5, 6, 6, 6, 6, 4, 4, 4, 0, 0, 0, 0, 0, 2], [4, 0, 1, 6, 0, 0, 4, 4, 4, 4, 4, 4, 5, 6, 6, 6, 6, 5, 0, 0, 0, 5, 5, 5, 5, 2], [4, 0, 1, 1, 4, 4, 4, 0, 5, 5, 5, 5, 5, 6, 6, 6, 6, 4, 4, 4, 0, 0, 0, 0, 0, 2], [4, 0, 4, 1, 4, 5, 6, 0, 5, 5, 5, 5, 5, 6, 6, 6, 6, 4, 4, 4, 0, 0, 0, 0, 0, 2], [4, 0, 4, 6, 6, 4, 4, 5, 5, 5, 5, 5, 5, 6, 6, 6, 6, 4, 4, 4, 0, 0, 0, 0, 0, 2]]0 0.0
--------
[[20, 26, 32, 38]] [[12, 18, 24, 30]] 0 0.0
[[20, 26, 32, 38]] [[12, 18, 24, 30]] [12, 18, 24, 30] 16 [[1, 6, 5, 5, 5, 0, 0, 4, 4, 4, 5, 0, 0, 0, 0, 6, 6, 6, 6, 5, 5, 5, 5, 2], [1, 6, 5, 6, 5, 5, 5, 5, 5, 6, 6, 6, 6, 0, 0, 0, 0, 0, 0, 4, 4, 2], [1, 1, 6, 6, 6, 0, 0, 0, 5, 5, 5, 5, 5, 6, 6, 6, 6, 4, 4, 4, 0, 0, 0, 2], [4, 5, 5, 1, 6, 0, 0, 0, 5, 5, 5, 5, 5, 6, 6, 6, 6, 4, 4, 4, 0, 0, 0, 2]]0 0.0
--------
[[1, 9, 17, 25], [15, 16, 17, 18], [9, 17, 25, 33]] [[21, 22, 23, 24]] 0 0.0
[[1, 9, 17, 25], [15, 16, 17, 18], [9, 17, 25, 33]] [[21, 22, 23, 24]] [21, 22, 23, 24] 16 [[3, 6, 5, 5, 4, 1, 3, 4, 5, 5, 6, 4, 4, 6, 6, 6, 6, 0, 0, 0], [3, 6, 5, 6, 4, 3, 3, 4, 5, 5, 6, 4, 4, 6, 6, 6, 6, 0, 0, 0], [3, 6, 6, 6, 3, 3, 3, 4, 5, 5, 6, 4, 4, 6, 6, 6, 6, 0, 0, 0]]0 0.0
--------
[[1, 9, 17, 25], [15, 16, 17, 18], [9, 17, 25, 33]] [[21, 22, 23, 24]] 0 0.0
[[1, 9, 17, 25], [15, 16, 17, 18], [9, 17, 25, 33]] [[21, 22, 23, 24]] [21, 22, 23, 24] 16 [[4, 1, 6, 1, 3, 4, 5, 5, 6, 4, 4, 6, 6, 6, 6, 0, 0, 0], [4, 3, 6, 4, 3, 4, 5, 5, 6, 4, 4, 6, 6, 6, 6, 0, 0, 0], [3, 3, 5, 1, 3, 4, 5, 5, 6, 4, 4, 6, 6, 6, 6, 0, 0, 0]]0 0.0
--------
[[1, 9, 17, 25], [15, 16, 17, 18], [9, 17, 25, 33]] [[17, 23, 29, 35]] 0 0.25
[[1, 9, 17, 25], [15, 16, 17, 18], [9, 17, 25, 33]] [[17, 23, 29, 35]] [17, 23, 29, 35] 16 [[4, 0, 5, 5, 4, 0], [3, 5, 6, 6], [3, 5, 6, 4], [3, 5, 4, 3], [3, 5, 4, 4]]0 0.25
--------
[[1, 9, 17, 25], [15, 16, 17, 18], [9, 17, 25, 33]] [[1, 9, 17, 25]] 1 1.0
[[1, 9, 17, 25], [15, 16, 17, 18], [9, 17, 25, 33]] [[1, 9, 17, 25]] [1, 9, 17, 25] 16 [[4, 1, 6, 6, 1, 1], [4, 1, 3, 4, 6, 6, 6, 6, 1, 1, 1, 1]]1 1.0
--------
[[1, 2, 3, 4]] [[19, 25, 31, 37]] 0 0.0
[[1, 2, 3, 4]] [[19, 25, 31, 37]] [19, 25, 31, 37] 16 [[3, 5, 6, 5, 4, 5, 5, 4, 2], [3, 5, 1, 4, 4, 4, 2, 1, 5, 2, 2, 5, 5], [3, 1, 5, 1, 3, 3, 4, 1, 1, 4, 5, 5, 5, 5, 5, 0, 0, 0, 2], [3, 1, 3, 1, 4, 5, 5, 4, 2]]0 0.0
--------
[[1, 2, 3, 4]] [[28, 29, 30, 31]] 0 0.0
[[1, 2, 3, 4]] [[28, 29, 30, 31]] [28, 29, 30, 31] 16 [[4, 6, 5, 5, 5, 6, 6, 6, 4, 4, 4, 4, 4, 5, 6, 6, 5, 0, 0, 0, 0, 0, 2, 2], [4, 6, 6, 5, 1, 6, 6, 6, 4, 4, 4, 4, 6, 5, 4, 6, 5, 0, 0, 0, 0, 0, 2, 2], [4, 6, 6, 6, 1, 1, 6, 6, 4, 4, 4, 4, 4, 5, 6, 6, 5, 0, 0, 0, 0, 0, 2, 2]]0 0.0
--------
[[14, 15, 16, 17], [16, 24, 32, 40]] [[16, 24, 32, 40]] [16, 24, 32, 40] 16 [[4, 2, 4, 2], [1, 1, 2, 6, 2, 2], [1, 2, 1, 6], [1, 2, 2, 1, 2, 2]]1 1.0
--------
[[14, 15, 16, 17], [16, 24, 32, 40]] [[16, 24, 32, 40]] 1 1.0
[[14, 15, 16, 17], [16, 24, 32, 40]] [[16, 24, 32, 40]] [16, 24, 32, 40] 16 [[1, 2, 4, 6], [1, 2, 4, 4], [1, 2, 5, 4, 2], [1, 4, 2, 4, 2], [2, 1, 3, 6, 2, 4, 3, 6, 6, 6, 6, 6, 5, 5, 5, 5, 5, 1, 1, 0, 0, 0, 0, 0, 0, 2, 2], [2, 1, 2, 0, 4, 2, 2], [2, 1, 2, 2, 4, 4, 4, 3, 6, 6, 6, 6, 5, 5, 5, 5, 5, 1, 1, 0, 0, 0, 0, 0, 0, 2, 2], [2, 2, 1, 2, 2], [2, 2, 2, 5, 4, 2, 2]]1 1.0
--------
[[11, 17, 23, 29], [16, 17, 18, 19], [4, 11, 18, 25], [5, 11, 17, 23]] [[22, 23, 24, 25]] 0 0.5
[[11, 17, 23, 29], [16, 17, 18, 19], [4, 11, 18, 25], [5, 11, 17, 23]] [[22, 23, 24, 25]] [22, 23, 24, 25] 16 [[5, 2, 5, 6, 6, 6, 5, 3, 4, 0, 0, 1, 1, 1]]0 0.5
--------
[[11, 17, 23, 29], [16, 17, 18, 19], [4, 11, 18, 25], [5, 11, 17, 23]] [[16, 17, 18, 19]] 1 1.0
[[11, 17, 23, 29], [16, 17, 18, 19], [4, 11, 18, 25], [5, 11, 17, 23]] [[16, 17, 18, 19]] [16, 17, 18, 19] 16 [[6, 4, 6, 5], [6, 5, 6, 5], [4, 2, 6, 6]]1 1.0
--------
[[11, 17, 23, 29], [16, 17, 18, 19], [4, 11, 18, 25], [5, 11, 17, 23]] [[16, 17, 18, 19]] 1 1.0
[[11, 17, 23, 29], [16, 17, 18, 19], [4, 11, 18, 25], [5, 11, 17, 23]] [[16, 17, 18, 19]] [16, 17, 18, 19] 16 [[5, 2, 5, 4], [5, 2, 5, 6], [5, 2, 6, 5], [5, 2, 6, 6], [4, 2, 5, 5], [4, 2, 5, 6], [4, 2, 6, 5], [4, 2, 6, 6]]1 1.0
--------
[[11, 17, 23, 29], [16, 17, 18, 19], [4, 11, 18, 25], [5, 11, 17, 23]] [[11, 17, 23, 29]] 1 1.0
[[11, 17, 23, 29], [16, 17, 18, 19], [4, 11, 18, 25], [5, 11, 17, 23]] [[11, 17, 23, 29]] [11, 17, 23, 29] 16 [[2, 5, 4, 4], [2, 5, 4, 6]]1 1.0
--------
[[22, 23, 24, 25], [23, 24, 25, 26]] [[17, 23, 29, 35]] 0 0.25
[[22, 23, 24, 25], [23, 24, 25, 26]] [[17, 23, 29, 35]] [17, 23, 29, 35] 16 [[5, 2, 3, 6], [5, 2, 3, 2], [5, 2, 2, 5], [5, 2, 2, 3], [5, 3, 5, 6], [5, 3, 3, 2], [3, 6, 6, 6], [3, 3, 5, 6, 3, 3], [3, 3, 6, 5, 2, 3]]0 0.25
--------
[[24, 25, 26, 27]] [[15, 23, 31, 39]] 0 0.0
[[24, 25, 26, 27]] [[15, 23, 31, 39]] [15, 23, 31, 39] 16 [[4, 5, 5, 6, 6, 6, 4, 6, 6, 3, 1, 0, 0, 0, 0, 0, 0, 6, 6, 5, 1, 1, 1]]0 0.0
--------
[[24, 25, 26, 27]] [[20, 26, 32, 38]] 0 0.25
[[24, 25, 26, 27]] [[20, 26, 32, 38]] [20, 26, 32, 38] 16 [[4, 6, 5, 5, 6, 6], [4, 6, 6, 5, 6, 6], [4, 6, 6, 6, 4, 6, 6, 6], [5, 5, 5, 4, 5, 5], [5, 5, 4, 6, 6, 6]]0 0.25
--------
[[0, 8, 16, 24]] [[0, 8, 16, 24]] 1 1.0
[[0, 8, 16, 24]] [[0, 8, 16, 24]] [0, 8, 16, 24] 16 [[5, 3, 5, 3, 3, 2, 2, 3, 3, 1, 4, 4, 6, 0, 5, 1, 5, 5, 5, 5, 0, 0, 0, 0]]1 1.0
--------
[[0, 8, 16, 24]] [[8, 16, 24, 32]] 0 0.75
[[0, 8, 16, 24]] [[8, 16, 24, 32]] [8, 16, 24, 32] 16 [[4, 1, 6, 5], [4, 1, 6, 6], [4, 1, 4, 3, 4], [1, 4, 3, 6], [1, 4, 3, 4], [1, 4, 4, 3, 1]]0 0.75
--------
[[37, 38, 39, 40], [38, 39, 40, 41]] [[37, 38, 39, 40]] 1 1.0
[[37, 38, 39, 40], [38, 39, 40, 41]] [[37, 38, 39, 40]] [37, 38, 39, 40] 16 [[3, 5, 6, 6], [3, 5, 6, 3], [5, 2, 3, 2, 2], [5, 2, 6, 6, 5, 6, 2]]1 1.0
--------
[[37, 38, 39, 40], [38, 39, 40, 41]] [[37, 38, 39, 40]] 1 1.0
[[37, 38, 39, 40], [38, 39, 40, 41]] [[37, 38, 39, 40]] [37, 38, 39, 40] 16 [[2, 3, 2, 6], [2, 3, 2, 3], [2, 3, 3, 3], [2, 3, 3, 6]]1 1.0
--------
[[15, 16, 17, 18], [16, 17, 18, 19], [17, 18, 19, 20], [6, 12, 18, 24], [12, 18, 24, 30]] [[17, 18, 19, 20]] 1 1.0
[[15, 16, 17, 18], [16, 17, 18, 19], [17, 18, 19, 20], [6, 12, 18, 24], [12, 18, 24, 30]] [[17, 18, 19, 20]] [17, 18, 19, 20] 16 [[1, 4, 5, 1, 1, 6, 4, 4, 6, 0, 4, 4, 4, 0, 0, 0, 2, 5, 5, 5, 5, 6, 6]]1 1.0
--------
[[21, 22, 23, 24], [22, 23, 24, 25], [24, 25, 26, 27]] [[16, 24, 32, 40]] 0 0.25
[[21, 22, 23, 24], [22, 23, 24, 25], [24, 25, 26, 27]] [[16, 24, 32, 40]] [16, 24, 32, 40] 16 [[1, 2, 3, 6, 2, 2, 0, 4], [3, 5, 4, 6, 0, 4, 2, 5]]0 0.25
--------
[[16, 17, 18, 19]] [[16, 17, 18, 19]] 1 1.0
[[16, 17, 18, 19]] [[16, 17, 18, 19]] [16, 17, 18, 19] 16 [[0, 1, 6, 6, 2, 6, 6, 6, 6, 6, 0, 0, 0, 0, 0, 5, 5, 5, 5, 1, 1, 4, 4, 4, 4], [0, 2, 6, 5, 3, 6, 6, 6, 6, 6, 0, 0, 0, 0, 0, 5, 5, 5, 5, 1, 1, 4, 4, 4, 4]]1 1.0
--------
[[16, 17, 18, 19]] [[16, 17, 18, 19]] 1 1.0
/home/student/PARL/benchmark/torch/AlphaZero/connect4_game.py:232: DeprecationWarning: tostring() is deprecated. Use tobytes() instead.
  return board.tostring()
[[16, 17, 18, 19]] [[16, 17, 18, 19]] [16, 17, 18, 19] 16 [[3, 6, 6, 5, 4, 6, 6, 6, 6, 6, 0, 0, 0, 0, 1, 1, 1, 1, 1, 1, 4, 4, 4, 4, 4, 5, 5], [3, 6, 6, 6, 4, 6, 1, 6, 6, 6, 6, 6, 0, 0, 0, 0, 4, 5, 5, 5, 5, 4, 4], [3, 6, 2, 6, 3, 6, 6, 6, 6, 6, 0, 0, 0, 0, 1, 1, 1, 1, 1, 1, 4, 4, 4, 4, 4, 5, 5], [3, 6, 2, 2, 6, 6, 6, 6, 6, 6, 0, 0, 0, 0, 1, 1, 4, 4, 4, 4, 4, 5, 5], [2, 2, 4, 3, 4, 6, 6, 6, 6, 6, 0, 0, 0, 0, 1, 1, 1, 1, 1, 1, 4, 4, 4, 4, 4, 5, 5]]1 1.0
--------
[[28, 29, 30, 31]] [[29, 30, 31, 32], [30, 31, 32, 33], [31, 32, 33, 34]] 0 0.75
[[28, 29, 30, 31]] [[29, 30, 31, 32], [30, 31, 32, 33], [31, 32, 33, 34]] [29, 30, 31, 32] 16 [[3, 2, 6, 3, 2, 6, 6, 6, 6, 6, 6, 5, 5, 5, 5, 5, 5, 4, 4], [3, 2, 6, 5, 3, 6, 6, 6, 6, 6, 6, 5, 5, 5, 5, 5, 5, 4, 4], [3, 3, 6, 6, 4], [2, 3, 6, 6, 2, 6, 6, 6, 6, 6, 6, 5, 5, 5, 5, 5, 5, 4, 4], [2, 2, 6, 2, 2, 6, 6, 6, 6, 6, 6, 5, 5, 5, 5, 5, 5, 4, 4]]0 0.75
--------
[[28, 29, 30, 31]] [[10, 11, 12, 13]] 0 0.0
[[28, 29, 30, 31]] [[10, 11, 12, 13]] [10, 11, 12, 13] 16 [[5, 6, 5, 5, 5, 5, 5, 6, 6, 0, 0, 0, 6, 6, 6, 4, 4, 4, 4, 4], [5, 6, 5, 6, 6, 5, 5, 5, 5, 0, 0, 0, 6, 6, 6, 4, 4, 4, 4, 4]]0 0.0
--------
[[11, 17, 23, 29]] [[14, 15, 16, 17], [15, 16, 17, 18]] 0 0.25
[[11, 17, 23, 29]] [[14, 15, 16, 17], [15, 16, 17, 18]] [14, 15, 16, 17] 16 [[0, 6, 5, 5, 4, 4, 4, 4, 0, 0, 0, 0, 2, 2, 6, 6, 6, 6, 6, 6, 2, 2], [0, 4, 1, 1, 0, 4, 4, 4, 0, 0, 0, 0, 2, 2, 6, 6, 6, 6, 6, 6, 2, 2], [0, 4, 4, 1, 4, 4, 4, 4, 0, 0, 0, 0, 2, 2, 6, 6, 6, 6, 6, 6, 2, 2], [1, 4, 0, 1, 0, 0, 0, 0, 1, 2, 5, 2, 4, 4, 2, 2], [1, 4, 4, 1, 4, 4, 4, 4, 0, 0, 0, 0, 2, 2, 6, 6, 6, 6, 6, 6, 2, 2]]0 0.25
--------
[[11, 17, 23, 29]] [[8, 16, 24, 32]] 0 0.0
[[11, 17, 23, 29]] [[8, 16, 24, 32]] [8, 16, 24, 32] 16 [[1, 1, 6, 0, 2, 6, 2, 4, 4, 2, 2], [4, 4, 2, 6, 2, 6, 2, 4, 4, 2, 2]]0 0.0
--------
[[11, 17, 23, 29]] [[8, 16, 24, 32]] 0 0.0
[[11, 17, 23, 29]] [[8, 16, 24, 32]] [8, 16, 24, 32] 16 [[1, 1, 6, 6, 6, 2, 4, 4, 2, 2], [1, 1, 6, 4, 6, 6, 6, 6, 4, 4, 4, 2, 0, 2, 2, 2]]0 0.0
--------
[[11, 17, 23, 29]] [[20, 26, 32, 38]] 0 0.0
[[11, 17, 23, 29]] [[20, 26, 32, 38]] [20, 26, 32, 38] 16 [[6, 5, 5, 5, 6, 6, 6, 6, 6, 0, 0, 5, 2, 5, 5], [6, 5, 5, 6, 0, 4, 6, 6, 6, 6, 6, 5, 2, 5, 5], [6, 6, 5, 5, 1, 4, 6, 6, 6, 6, 6, 5, 2, 5, 5]]0 0.0
--------
[[14, 15, 16, 17], [15, 16, 17, 18], [11, 17, 23, 29]] [[21, 22, 23, 24], [22, 23, 24, 25]] 0 0.25
[[14, 15, 16, 17], [15, 16, 17, 18], [11, 17, 23, 29]] [[21, 22, 23, 24], [22, 23, 24, 25]] [21, 22, 23, 24] 16 [[4, 3, 3, 3, 6, 6, 6, 6, 4, 4, 4, 4, 0, 0, 0, 0, 1, 1, 1], [3, 5, 3, 6, 4, 6, 4, 3, 6, 6, 6, 6, 0, 0, 0, 0, 1, 1, 1], [3, 5, 3, 3, 4, 3, 4, 3, 6, 6, 6, 6, 0, 0, 0, 0, 1, 1, 1]]0 0.25
--------
[[14, 15, 16, 17], [15, 16, 17, 18], [11, 17, 23, 29]] [[5, 11, 17, 23]] 0 0.75
[[14, 15, 16, 17], [15, 16, 17, 18], [11, 17, 23, 29]] [[5, 11, 17, 23]] [5, 11, 17, 23] 16 [[5, 3, 6, 6, 4, 4, 6, 6, 6, 6, 4, 5, 5, 5, 0, 0, 5, 5]]0 0.75
--------
[[22, 23, 24, 25], [14, 22, 30, 38]] [[23, 24, 25, 26], [20, 26, 32, 38]] 0 1.0
[[22, 23, 24, 25], [14, 22, 30, 38]] [[23, 24, 25, 26], [20, 26, 32, 38]] [20, 26, 32, 38] 16 [[3, 2, 5, 5, 4, 4, 2, 0, 0, 3, 5, 6, 6, 6, 6, 6, 6, 4, 4, 5, 5], [1, 5, 4, 3, 6, 5, 6, 6, 6, 6, 6, 2, 0, 0, 4, 4, 4, 4, 4, 5, 5]]0 0.25
--------
[[22, 23, 24, 25], [14, 22, 30, 38]] [[22, 23, 24, 25], [14, 22, 30, 38]] 1 1.75
[[22, 23, 24, 25], [14, 22, 30, 38]] [[22, 23, 24, 25], [14, 22, 30, 38]] [22, 23, 24, 25] 16 [[2, 4, 6, 5, 3, 0, 0, 6, 6, 6, 6, 6, 6, 4, 4, 1, 1], [2, 4, 6, 6, 0, 2, 3, 6, 6, 6, 6, 6, 6, 4, 4, 1, 1], [4, 2, 6, 6, 3, 0, 0, 6, 6, 6, 6, 6, 6, 4, 4, 1, 1]]1 1.0
--------
[[22, 23, 24, 25], [14, 22, 30, 38]] [[22, 23, 24, 25], [14, 22, 30, 38]] 1 1.75
[[22, 23, 24, 25], [14, 22, 30, 38]] [[22, 23, 24, 25], [14, 22, 30, 38]] [22, 23, 24, 25] 16 [[2, 4, 6, 5, 3, 0, 0, 6, 6, 6, 6, 6, 6, 4, 4, 1, 1], [2, 4, 6, 6, 0, 2, 3, 6, 6, 6, 6, 6, 6, 4, 4, 1, 1], [4, 2, 6, 6, 3, 0, 0, 6, 6, 6, 6, 6, 6, 4, 4, 1, 1]]1 1.0
--------
[[22, 23, 24, 25], [14, 22, 30, 38]] [[22, 23, 24, 25], [14, 22, 30, 38]] 1 1.75
[[22, 23, 24, 25], [14, 22, 30, 38]] [[22, 23, 24, 25], [14, 22, 30, 38]] [22, 23, 24, 25] 16 [[3, 6, 5, 5, 0, 6, 6, 6, 6, 6, 6, 4, 4, 1, 1], [3, 6, 5, 6, 6, 6, 6, 6, 6, 0, 0, 4, 4, 1, 1], [3, 2, 6, 5, 3, 6, 6, 6, 6, 6, 6, 4, 4, 1, 1]]1 1.0
--------
[[13, 19, 25, 31]] [[28, 29, 30, 31]] 0 0.25
[[13, 19, 25, 31]] [[28, 29, 30, 31]] [28, 29, 30, 31] 16 [[3, 5, 0, 2, 2, 2, 2, 6, 6, 6, 6, 6, 6, 1, 1, 1, 1, 1, 1, 0, 0], [3, 5, 0, 0, 6, 2, 2, 2, 2, 6, 6, 6, 6, 1, 1, 1, 1, 1, 1, 0, 0], [3, 2, 5, 0, 6, 6, 6, 6, 6, 2, 2, 2, 2, 1, 1, 1, 1, 1, 1, 0, 0], [2, 3, 6, 6, 6, 6, 6, 6, 6, 2, 2, 2, 2, 1, 1, 1, 1, 1, 1, 0, 0]]0 0.25
--------
[[24, 25, 26, 27]] [[24, 25, 26, 27]] 1 1.0
[[24, 25, 26, 27]] [[24, 25, 26, 27]] [24, 25, 26, 27] 16 [[3, 3, 3, 4, 3, 4, 1, 1, 4, 5, 5, 5, 0, 0, 6, 6]]1 1.0
--------
[[16, 24, 32, 40]] [[29, 30, 31, 32]] 0 0.25
[[16, 24, 32, 40]] [[29, 30, 31, 32]] [29, 30, 31, 32] 16 [[3, 4, 3, 5, 2, 2, 3, 3, 3, 6, 0, 0, 6, 6, 6, 6, 1, 1], [0, 3, 0, 5, 2, 2, 2, 6, 6, 6, 6, 6, 0, 0, 0, 0, 1, 1]]0 0.25
--------
[[16, 24, 32, 40]] [[14, 15, 16, 17]] 0 0.25
[[16, 24, 32, 40]] [[14, 15, 16, 17]] [14, 15, 16, 17] 16 [[2, 3, 2, 6, 2, 3, 2, 6, 6, 6, 6, 6, 0, 0, 5, 5, 5, 5, 5, 5, 1, 1, 1, 1]]0 0.25
--------
[[16, 24, 32, 40]] [[16, 24, 32, 40]] 1 1.0
[[16, 24, 32, 40]] [[16, 24, 32, 40]] [16, 24, 32, 40] 16 [[5, 5, 2, 5], [5, 5, 2, 6], [2, 2, 3, 5, 2], [2, 2, 5, 5], [2, 2, 5, 6]]1 1.0
--------
[[16, 24, 32, 40]] [[16, 24, 32, 40]] 1 1.0
[[16, 24, 32, 40]] [[16, 24, 32, 40]] [16, 24, 32, 40] 16 [[5, 6, 5, 5], [5, 6, 5, 6], [5, 6, 6, 5], [5, 6, 6, 6]]1 1.0
--------
