[08-29 18:09:02 MainThread @logger.py:242] Argv: compare.py
[08-29 18:09:04 MainThread @__init__.py:44] PARL detects two backend frameworks: paddle, torch. Use paddle by default.
[08-29 18:09:04 MainThread @__init__.py:45] To use torch as backend, `export PARL_BACKEND=torch` before running the scripts.
0
1
2
2
[[ 0  0  0  0  0  0  0]
 [ 0  0  0  0  0  0  0]
 [ 0  0  0  0  0  0  0]
 [ 0  0  0  0  0  0  0]
 [ 1  0  0  0  0  0  0]
 [ 1  0  0 -1 -1  0  0]]
detect
3
3
[[ 0  0  0  0  0  0  0]
 [ 0  0  0  0  0  0  0]
 [ 0  0  0  0  0  0  0]
 [ 0  0  0  0  0  0  0]
 [ 1  0 -1  0  0  0  0]
 [ 1  0  1 -1 -1  0  0]]
detect
4
4
[[ 0  0  0  0  0  0  0]
 [ 0  0  0  0  0  0  0]
 [ 0  0  0  0  0  0  0]
 [ 0  0  0  0  0  0  0]
 [ 1  0 -1  0  1  0  0]
 [ 1  0  1 -1 -1  0  0]]
detect
5
6
7
8
9
10
10
[[ 0  0  0  0  0  0  0]
 [ 0  0  0  0  0  0  0]
 [ 0  0 -1  0  0  0  0]
 [ 0  0 -1  0  0  0  0]
 [ 0  0  1  0  0  1  0]
 [ 0  0 -1  1  0  1 -1]]
detect
11
11
[[ 0  0  0  0  0  0  0]
 [ 0  0  0  0  0  0  0]
 [ 0  1  0 -1  0  0  0]
 [ 0  1  0 -1  0  0  0]
 [ 0 -1  0  1  0  0  0]
 [ 0  1  0 -1  0  0  1]]
detect
12
13
14
14
[[ 0  0  0  0  0  0  0]
 [ 0  0  0  0  0  0  0]
 [ 0  0  0  0  0  0  0]
 [ 0  0  0  0  0  0  0]
 [ 0 -1  0  0  0  0  0]
 [ 0 -1  0 -1  1  1  1]]
detect
15
15
[[ 0  0  0  0  0  0  0]
 [ 0  0  0  0  0  0  0]
 [ 0  0  0  0  0  0  0]
 [ 0  0  0  0  0  0  0]
 [ 0 -1  0  1  0  0  0]
 [ 0  1 -1  1  0  0  0]]
detect
16
16
[[ 0  0  0  0  0  0  0]
 [ 0  0  0  0  0  0  0]
 [ 0  0  0  0  0  0  0]
 [ 0  0  0 -1  0  0  0]
 [ 0 -1  0  1  0  0  0]
 [ 0  1 -1  1  0  0  1]]
detect
17
17
[[ 0  0  0  0  0  0  0]
 [ 0  0  0  0  0  0  0]
 [ 0  0  0 -1  0  0  0]
 [ 0  0  0 -1  0  0  0]
 [ 0 -1  0  1  0  0  0]
 [ 0  1 -1  1  1  0  1]]
detect
18
18
[[ 0  0  0  0  0  0  0]
 [ 0  0  0  0  0  0  0]
 [ 0  0  0  0  0  0  0]
 [ 0 -1  0  0  0  0  0]
 [ 0 -1  0  0  0  0  0]
 [ 0  1  1 -1  0  0  1]]
detect
19
19
[[ 0  0  0  0  0  0  0]
 [ 0  0  0  0  0  0  0]
 [ 0  1  0  0  0  0  0]
 [ 0 -1  0  0  0  0  0]
 [ 0 -1  0  0  0  0  0]
 [-1  1  1 -1  0  0  1]]
detect
20
20
[[ 0  0  0  0  0  0  0]
 [ 0  0  0  0  0  0  0]
 [ 0  0  0 -1  0  0  0]
 [ 0  0  0 -1  0  0  0]
 [ 0  0 -1  1  0  0  0]
 [ 0  0  1 -1  1  1  0]]
detect
21
22
22
[[ 0  0  0  0  0  0  0]
 [ 0  0  0  0  0  0  0]
 [ 0  1  0  0  0  0  0]
 [ 0 -1  0  0  0  0  0]
 [ 0 -1  0  0  0  0  0]
 [-1  1  1 -1  0  0  1]]
detect
23
24
24
[[ 0  0  0  0  0  0  0]
 [ 0  0  0  0  0  0  0]
 [ 0  0 -1  0  0  0  0]
 [ 0  1 -1  0  0  0  0]
 [ 0 -1  1  0  0  0  0]
 [ 1  1 -1  1  0  0  0]]
detect
25
26
27
27
[[ 0  0  0  0  0  0  0]
 [ 0  0  0  0  0  0  0]
 [ 0  0  0  0  0  0  0]
 [ 0  0  0  0  0  0  0]
 [ 1  0  0  0  0  0  0]
 [ 1  0  0 -1 -1  0  0]]
detect
28
28
[[ 0  0  0  0  0  0  0]
 [ 0  0  0  0  0  0  0]
 [ 0  0  0  0  0  0  0]
 [ 0  0  0  0  0  0  0]
 [ 0  0  0 -1  0  0  0]
 [ 0  1  0 -1  1  0  0]]
detect
29
29
[[ 0  0  0  0  0  0  0]
 [ 0  0  0  0  0  0  0]
 [ 0  0  0  0  0  0  0]
 [ 0  0  0  0  0  0  0]
 [ 0  1  0 -1  0  0  0]
 [ 0  1  0 -1  1  0  0]]
detect
30
31
32
32
[[ 0  0  0  0  0  0  0]
 [ 0  0  0  0  0  0  0]
 [ 0  1  0  0  0  0  0]
 [ 0  1  0  0  0  0  0]
 [ 0 -1 -1 -1  0  0  0]
 [ 0  1  1 -1  0  0  0]]
detect
33
34
34
[[ 0  0  0  0  0  0  0]
 [ 0  0  0  0  0  0  0]
 [ 0  0  0  0  0  0  0]
 [ 0  0 -1  0  0  0  0]
 [ 0  0 -1  0  0  0  0]
 [ 1  0  1 -1  0  0  1]]
detect
35
35
[[ 0  0  0  0  0  0  0]
 [ 0  0  0  0  0  0  0]
 [ 0  0  0  0  0  0  0]
 [ 0  0  0  0  0  0  0]
 [ 1  0  0  0  0  0  0]
 [ 1  0  0 -1 -1  0  0]]
detect
36
36
[[ 0  0  0  0  0  0  0]
 [ 0  0  0  0  0  0  0]
 [ 0  0  0  0  0  0  0]
 [ 0  0  0  0  0  0  0]
 [ 1  0 -1  1  0  0  0]
 [ 1  0  1 -1 -1  0  0]]
detect
37
37
[[ 0  0  0  0  0  0  0]
 [ 0  0  0  0  0  0  0]
 [ 0  0  0  0  0  0  0]
 [ 0  0  0  0  0  0  0]
 [ 1  0  0  0  0  0  0]
 [ 1  0  0 -1 -1  0  0]]
detect
38
38
[[ 0  0  0  0  0  0  0]
 [ 0  0  0  0  0  0  0]
 [ 0  0  0  0  0  0  0]
 [ 0  0  0  0  0  0  0]
 [ 1  0 -1  0  0  0  0]
 [ 1  0  1 -1 -1  0  0]]
detect
39
39
[[ 0  0  0  0  0  0  0]
 [ 0  0  0  0  0  0  0]
 [ 0  0  0  0  0  0  0]
 [ 0  0  0  0  0  0  0]
 [ 1  0 -1  1  0  0  0]
 [ 1  0  1 -1 -1  0  0]]
detect
40
40
[[ 0  0  0  0  0  0  0]
 [ 0  0  0  0  0  0  0]
 [ 0  0  0  0  0  0  0]
 [ 0  0  0  0  0  0  0]
 [ 0  0  0 -1  0  0  0]
 [ 0  0  1 -1  0  1  0]]
detect
41
41
[[ 0  0  0  0  0  0  0]
 [ 0  0  0  0  0  0  0]
 [ 0  0  0 -1  0  0  0]
 [ 0  0  0  1  0  0  0]
 [ 0  0  0 -1  0  1  0]
 [ 0  0  1 -1  0  1  0]]
detect
42
42
[[ 0  0  0  0  0  0  0]
 [ 0  0  0  0  0  0  0]
 [ 0  0  0  0  0  0  0]
 [ 0  0  0  0  0  0  0]
 [ 0  0 -1  0  0  0  0]
 [ 1  0 -1  1 -1  0  1]]
detect
43
43
[[ 0  0  0  0  0  0  0]
 [ 0  0  0  0  0  0  0]
 [ 0  0  0  0  0  0  0]
 [ 0  0  1  0  0  0  0]
 [ 0  0 -1  0  0  0  0]
 [ 1  0 -1  1 -1  0  1]]
detect
44
44
[[ 0  0  0  0  0  0  0]
 [ 0  0  0  0  0  0  0]
 [ 0  0  0  0  0  0  0]
 [ 0  0  1  0  0  0  0]
 [ 1  0 -1 -1  0  0  0]
 [ 1  0 -1  1 -1  0  1]]
detect
45
45
[[ 0  0  0  0  0  0  0]
 [ 0  0  0 -1  0  0  0]
 [ 0  0  0  1  0  0  0]
 [ 0  0  0 -1  0  0  0]
 [ 0  0  1  1  0  0  0]
 [ 0  0  1 -1  0 -1  0]]
detect
0
0
[[ 0  0  0  0  0  0  0]
 [ 0  0  0  0  0  0  0]
 [ 0  1  0  0  0  0  0]
 [ 0 -1  0  0  0  0  0]
 [ 0 -1  0  0  0  0  0]
 [ 0  1  1 -1  0  0  1]]
detect
1
2
3
4
5
5
[[ 0  0  0  0  0  0  0]
 [ 0  0  0  0  0  0  0]
 [ 0  0  0  0  0  0  0]
 [ 0  0  0  0 -1  0  0]
 [ 1  0 -1  0  1  0  0]
 [ 1  0  1 -1 -1  0  0]]
detect
6
7
8
9
9
[[ 0  0  0  0  0  0  0]
 [ 0  0  0  0  0  0  0]
 [ 0  0  0  0  0  0  0]
 [ 0  1  0  0  0  0  0]
 [ 0 -1  0  0  0 -1  0]
 [ 1 -1  0 -1  1  1  1]]
detect
10
11
12
13
14
15
16
17
18
19
20
21
22
22
[[ 0  0  0  0  0  0  0]
 [ 0  0  0  0  0  0  0]
 [ 0  0 -1  0  0  0  0]
 [ 0  1 -1  0  0  0  0]
 [ 0 -1  1  0  0  0  0]
 [ 0  1 -1  1  0  0  0]]
detect
23
24
25
26
27
28
29
30
31
31
[[ 0  0  0  0  0  0  0]
 [ 0  0  0  0  0  0  0]
 [ 0  0  0  0  0  0  0]
 [ 0  1  0  0  0  0  0]
 [ 0 -1  0  0  0  0  0]
 [ 0 -1  0 -1  1  1  1]]
detect
32
33
33
[[ 0  0  0  0  0  0  0]
 [ 0  0  0  0  0  0  0]
 [ 0  0  0  0  0  0  0]
 [ 0  0  0 -1  0  0  0]
 [ 0 -1  0  1  0  0  0]
 [ 0  1 -1  1  0  0  0]]
detect
34
35
36
36
[[ 0  0  0  0  0  0  0]
 [ 0  0  0  0  0  0  0]
 [ 0  1  0  0  0  0  0]
 [ 0 -1  0  0  0  0  0]
 [ 0 -1  0  0  0  0  0]
 [ 0  1  1 -1  0  0  1]]
detect
37
38
39
40
41
42
42
[[ 0  0  0  0  0  0  0]
 [ 0  0  0  0  0  0  0]
 [ 0  1  0  0  0  0  0]
 [ 0 -1  0  0  0  0  0]
 [ 0 -1  0  0  0  0  0]
 [ 0  1  1 -1  0  0  1]]
detect
43
44
45
46
47
48
49
49
[[ 0  0  0  0  0  0  0]
 [ 0  0  0  0  0  0  0]
 [ 0  0 -1  0  0  0  0]
 [ 0  1 -1  0  0  0  0]
 [ 0 -1  1  0  0  0  0]
 [ 0  1 -1  1  0  0  0]]
detect
50
51
52
53
54
55
55
[[ 0  0  0  0  0  0  0]
 [ 0  0  0  0  0  0  0]
 [-1  0  0  0  0  0  0]
 [ 1  0  0  0  0  0  0]
 [ 1  0  0  0  0  0  0]
 [ 1  0  0 -1 -1  0  0]]
detect
56
56
[[ 0  0  0  0  0  0  0]
 [ 0  0  0  0  0  0  0]
 [-1  0  0  0  0  0  0]
 [ 1  0  0  0  0  0  0]
 [ 1  0  0  1  0  0  0]
 [ 1  0  0 -1 -1 -1  0]]
detect
57
57
[[ 0  0  0  0  0  0  0]
 [ 0  0  0  0  0  0  0]
 [ 0  1  0  1  0  0  0]
 [ 0 -1  0 -1  0  0  0]
 [ 0  1  0 -1  0  0  0]
 [ 0  1  0 -1  1  0  0]]
detect
58
59
59
[[ 0  0  0  0  0  0  0]
 [ 0  0  0  0  0  0  0]
 [ 0  0  0 -1  0  0  0]
 [ 0  0  0  1  0  0  0]
 [ 0  0  0 -1  0  0  0]
 [ 0  0  1 -1  0  1  0]]
detect
60
60
[[ 0  0  0  0  0  0  0]
 [ 0  0  0  1  0  0  0]
 [ 0  0  0 -1  0  0  0]
 [ 0  0  0  1  0  0  0]
 [ 0  0  0 -1  0  0  0]
 [ 0  0  1 -1  0  1  0]]
detect
61
61
[[ 0  0  0  0  0  0  0]
 [ 0  0  0  0  0  0  0]
 [ 0  0  0  0  0  0  0]
 [ 0  1  0  0  0  0  0]
 [ 0 -1  0 -1  0  0  0]
 [ 0  1  1 -1  0  0  0]]
detect
62
63
64
65
66
67
68
69
70
70
[[ 0  0  0  0  0  0  0]
 [ 0  0  0  0  0  0  0]
 [ 0  0  0  0  0  0  0]
 [ 0  0  0 -1  0  0  0]
 [ 1  0 -1  1  0  0  0]
 [ 1  0  1 -1 -1  0  0]]
detect
71
71
[[ 0  0  0  0  0  0  0]
 [ 0  0  0  0  0  0  0]
 [ 0  0  0  1  0  0  0]
 [ 0  0  0 -1  0  0  0]
 [ 1  0 -1  1  0  0  0]
 [ 1  0  1 -1 -1  0  0]]
detect
72
73
73
[[ 0  0  0  0  0  0  0]
 [ 0  0  0  0  0  0  0]
 [ 0  0  0 -1  0  0  0]
 [ 0  0  0  1  0  0  0]
 [ 0  0  0 -1  0  0  0]
 [ 0  0  1 -1  0  1  0]]
detect
74
74
[[ 0  0  0  0  0  0  0]
 [ 0  0  0  0  0  0  0]
 [ 0  0  0 -1  0  0  0]
 [ 0  0  0  1  0 -1  0]
 [ 0  0  0 -1  0  1  0]
 [ 0  0  1 -1  0  1  0]]
detect
75
76
77
78
79
80
81
82
83
15 2
16 4
17 3
21 2
22 6
23 1
24 1
28 15
29 5
30 4
31 15
33 3
