[08-31 16:25:25 MainThread @logger.py:242] Argv: compare.py
[08-31 16:25:27 MainThread @__init__.py:44] PARL detects two backend frameworks: paddle, torch. Use paddle by default.
[08-31 16:25:27 MainThread @__init__.py:45] To use torch as backend, `export PARL_BACKEND=torch` before running the scripts.
start
31
1
detect
1
detect
1
detect
1
detect
1
detect
1
detect
1
detect
1
detect
------------------
4
detect
4
detect
4
detect
4
detect
4
detect
4
detect
4
detect
[{'label': 1, 'board': array([[ 0,  0,  0,  0,  0,  0,  0],
       [ 0,  0,  0,  0,  0,  0,  0],
       [ 0,  0,  0,  0,  0,  0,  0],
       [ 0,  0,  0,  0,  0,  0,  0],
       [ 0, -1,  0,  1,  0,  0,  0],
       [ 0,  1, -1,  1,  0,  0,  0]], dtype=int32)}, {'label': 1, 'board': array([[ 0,  0,  0,  0,  0,  0,  0],
       [ 0,  0,  0,  0,  0,  0,  0],
       [ 0,  0,  0,  0,  0,  0,  0],
       [ 0,  0,  0, -1,  0,  0,  0],
       [ 0, -1,  0,  1,  0,  0,  0],
       [ 0,  1, -1,  1,  0,  0,  1]], dtype=int32)}, {'label': 1, 'board': array([[ 0,  0,  0,  0,  0,  0,  0],
       [ 0,  0,  0,  0,  0,  0,  0],
       [ 0,  0,  0, -1,  0,  0,  0],
       [ 0,  0,  0, -1,  0,  0,  0],
       [ 0, -1,  0,  1,  0,  0,  0],
       [ 0,  1, -1,  1,  1,  0,  1]], dtype=int32)}, {'label': 1, 'board': array([[ 0,  0,  0,  0,  0,  0,  0],
       [ 0,  0,  0,  0,  0,  0,  0],
       [ 0,  0,  0,  0,  0,  0,  0],
       [ 0,  0,  0,  0,  0,  0,  0],
       [ 0,  0,  0, -1,  0,  0,  0],
       [ 0,  1,  0, -1,  1,  0,  0]], dtype=int32)}, {'label': 1, 'board': array([[ 0,  0,  0,  0,  0,  0,  0],
       [ 0,  0,  0,  0,  0,  0,  0],
       [ 0,  0,  0,  0,  0,  0,  0],
       [ 0,  0,  0,  0,  0,  0,  0],
       [ 0,  1,  0, -1,  0,  0,  0],
       [ 0,  1,  0, -1,  1,  0,  0]], dtype=int32)}, {'label': 1, 'board': array([[ 0,  0,  0,  0,  0,  0,  0],
       [ 0,  0,  0,  0,  0,  0,  0],
       [ 0,  1,  0,  0,  0,  0,  0],
       [ 0,  1,  0,  0,  0,  0,  0],
       [ 0, -1, -1, -1,  0,  0,  0],
       [ 0,  1,  1, -1,  0,  0,  0]], dtype=int32)}, {'label': 1, 'board': array([[ 0,  0,  0,  0,  0,  0,  0],
       [ 0,  0,  0,  0,  0,  0,  0],
       [ 0,  0,  0,  0,  0,  0,  0],
       [ 0,  0,  0,  0,  0,  0,  0],
       [ 0,  0,  0, -1,  0,  0,  0],
       [ 0,  0,  1, -1,  0,  1,  0]], dtype=int32)}, {'label': 1, 'board': array([[ 0,  0,  0,  0,  0,  0,  0],
       [ 0,  0,  0,  0,  0,  0,  0],
       [ 0,  0,  0, -1,  0,  0,  0],
       [ 0,  0,  0,  1,  0,  0,  0],
       [ 0,  0,  0, -1,  0,  1,  0],
       [ 0,  0,  1, -1,  0,  1,  0]], dtype=int32)}, {'label': 4, 'board': array([[ 0,  0,  0,  0,  0,  0,  0],
       [ 0,  0,  0,  0,  0,  0,  0],
       [ 0,  0,  0,  0,  0,  0,  0],
       [ 0,  0,  0, -1,  0,  0,  0],
       [ 0, -1,  0,  1,  0,  0,  0],
       [ 0,  1, -1,  1,  0,  0,  0]], dtype=int32)}, {'label': 4, 'board': array([[ 0,  0,  0,  0,  0,  0,  0],
       [ 0,  0,  0,  0,  0,  0,  0],
       [ 0,  1,  0,  1,  0,  0,  0],
       [ 0, -1,  0, -1,  0,  0,  0],
       [ 0,  1,  0, -1,  0,  0,  0],
       [ 0,  1,  0, -1,  1,  0,  0]], dtype=int32)}, {'label': 4, 'board': array([[ 0,  0,  0,  0,  0,  0,  0],
       [ 0,  0,  0,  0,  0,  0,  0],
       [ 0,  0,  0, -1,  0,  0,  0],
       [ 0,  0,  0,  1,  0,  0,  0],
       [ 0,  0,  0, -1,  0,  0,  0],
       [ 0,  0,  1, -1,  0,  1,  0]], dtype=int32)}, {'label': 4, 'board': array([[ 0,  0,  0,  0,  0,  0,  0],
       [ 0,  0,  0,  1,  0,  0,  0],
       [ 0,  0,  0, -1,  0,  0,  0],
       [ 0,  0,  0,  1,  0,  0,  0],
       [ 0,  0,  0, -1,  0,  0,  0],
       [ 0,  0,  1, -1,  0,  1,  0]], dtype=int32)}, {'label': 4, 'board': array([[ 0,  0,  0,  0,  0,  0,  0],
       [ 0,  0,  0,  0,  0,  0,  0],
       [ 0,  0,  0,  0,  0,  0,  0],
       [ 0,  1,  0,  0,  0,  0,  0],
       [ 0, -1,  0, -1,  0,  0,  0],
       [ 0,  1,  1, -1,  0,  0,  0]], dtype=int32)}, {'label': 4, 'board': array([[ 0,  0,  0,  0,  0,  0,  0],
       [ 0,  0,  0,  0,  0,  0,  0],
       [ 0,  0,  0, -1,  0,  0,  0],
       [ 0,  0,  0,  1,  0,  0,  0],
       [ 0,  0,  0, -1,  0,  0,  0],
       [ 0,  0,  1, -1,  0,  1,  0]], dtype=int32)}, {'label': 4, 'board': array([[ 0,  0,  0,  0,  0,  0,  0],
       [ 0,  0,  0,  0,  0,  0,  0],
       [ 0,  0,  0, -1,  0,  0,  0],
       [ 0,  0,  0,  1,  0, -1,  0],
       [ 0,  0,  0, -1,  0,  1,  0],
       [ 0,  0,  1, -1,  0,  1,  0]], dtype=int32)}]
indices
[1, 2, 3, 4, 5, 6, 7, 8, 9, 10, 11, 12, 13, 14]
label: {1}
label: {1}
label: {1}
label: {1}
label: {1}
label: {1}
label: {1}
label: {4}
1
label: {4}
9
label: {4}
8
label: {4}
9
label: {4}
4
label: {4}
8
label: {4}
10
min_index: 8 0
indices
[2, 3, 4, 5, 6, 7, 9, 10, 11, 12, 13, 14]
label: {1}
label: {1}
label: {1}
label: {1}
label: {1}
label: {1}
label: {4}
9
label: {4}
9
label: {4}
10
label: {4}
6
label: {4}
9
label: {4}
11
min_index: 12 1
indices
[3, 4, 5, 6, 7, 9, 10, 11, 13, 14]
label: {1}
label: {1}
label: {1}
label: {1}
label: {1}
label: {4}
8
label: {4}
9
label: {4}
10
label: {4}
9
label: {4}
11
min_index: 9 2
indices
[4, 5, 6, 7, 10, 11, 13, 14]
label: {1}
label: {1}
label: {1}
label: {1}
label: {4}
6
label: {4}
7
label: {4}
6
label: {4}
8
min_index: 10 3
indices
[5, 6, 7, 11, 13, 14]
label: {1}
label: {1}
label: {1}
label: {4}
8
label: {4}
7
label: {4}
9
min_index: 13 4
indices
[6, 7, 11, 14]
label: {1}
label: {1}
label: {4}
9
label: {4}
10
min_index: 11 5
indices
[7, 14]
label: {1}
label: {4}
4
min_index: 14 6
{'label': 1, 'board': array([[ 0,  0,  0,  0,  0,  0,  0],
       [ 0,  0,  0,  0,  0,  0,  0],
       [ 0,  0,  0,  0,  0,  0,  0],
       [ 0,  0,  0,  0,  0,  0,  0],
       [ 0, -1,  0,  1,  0,  0,  0],
       [ 0,  1, -1,  1,  0,  0,  0]], dtype=int32)}
----------------------
{'label': 4, 'board': array([[ 0,  0,  0,  0,  0,  0,  0],
       [ 0,  0,  0,  0,  0,  0,  0],
       [ 0,  0,  0,  0,  0,  0,  0],
       [ 0,  0,  0, -1,  0,  0,  0],
       [ 0, -1,  0,  1,  0,  0,  0],
       [ 0,  1, -1,  1,  0,  0,  0]], dtype=int32)}
***************************
{'label': 1, 'board': array([[ 0,  0,  0,  0,  0,  0,  0],
       [ 0,  0,  0,  0,  0,  0,  0],
       [ 0,  0,  0,  0,  0,  0,  0],
       [ 0,  0,  0, -1,  0,  0,  0],
       [ 0, -1,  0,  1,  0,  0,  0],
       [ 0,  1, -1,  1,  0,  0,  1]], dtype=int32)}
----------------------
{'label': 4, 'board': array([[ 0,  0,  0,  0,  0,  0,  0],
       [ 0,  0,  0,  0,  0,  0,  0],
       [ 0,  0,  0,  0,  0,  0,  0],
       [ 0,  1,  0,  0,  0,  0,  0],
       [ 0, -1,  0, -1,  0,  0,  0],
       [ 0,  1,  1, -1,  0,  0,  0]], dtype=int32)}
***************************
{'label': 1, 'board': array([[ 0,  0,  0,  0,  0,  0,  0],
       [ 0,  0,  0,  0,  0,  0,  0],
       [ 0,  0,  0, -1,  0,  0,  0],
       [ 0,  0,  0, -1,  0,  0,  0],
       [ 0, -1,  0,  1,  0,  0,  0],
       [ 0,  1, -1,  1,  1,  0,  1]], dtype=int32)}
----------------------
{'label': 4, 'board': array([[ 0,  0,  0,  0,  0,  0,  0],
       [ 0,  0,  0,  0,  0,  0,  0],
       [ 0,  1,  0,  1,  0,  0,  0],
       [ 0, -1,  0, -1,  0,  0,  0],
       [ 0,  1,  0, -1,  0,  0,  0],
       [ 0,  1,  0, -1,  1,  0,  0]], dtype=int32)}
***************************
{'label': 1, 'board': array([[ 0,  0,  0,  0,  0,  0,  0],
       [ 0,  0,  0,  0,  0,  0,  0],
       [ 0,  0,  0,  0,  0,  0,  0],
       [ 0,  0,  0,  0,  0,  0,  0],
       [ 0,  0,  0, -1,  0,  0,  0],
       [ 0,  1,  0, -1,  1,  0,  0]], dtype=int32)}
----------------------
{'label': 4, 'board': array([[ 0,  0,  0,  0,  0,  0,  0],
       [ 0,  0,  0,  0,  0,  0,  0],
       [ 0,  0,  0, -1,  0,  0,  0],
       [ 0,  0,  0,  1,  0,  0,  0],
       [ 0,  0,  0, -1,  0,  0,  0],
       [ 0,  0,  1, -1,  0,  1,  0]], dtype=int32)}
***************************
{'label': 1, 'board': array([[ 0,  0,  0,  0,  0,  0,  0],
       [ 0,  0,  0,  0,  0,  0,  0],
       [ 0,  0,  0,  0,  0,  0,  0],
       [ 0,  0,  0,  0,  0,  0,  0],
       [ 0,  1,  0, -1,  0,  0,  0],
       [ 0,  1,  0, -1,  1,  0,  0]], dtype=int32)}
----------------------
{'label': 4, 'board': array([[ 0,  0,  0,  0,  0,  0,  0],
       [ 0,  0,  0,  0,  0,  0,  0],
       [ 0,  0,  0, -1,  0,  0,  0],
       [ 0,  0,  0,  1,  0,  0,  0],
       [ 0,  0,  0, -1,  0,  0,  0],
       [ 0,  0,  1, -1,  0,  1,  0]], dtype=int32)}
***************************
{'label': 1, 'board': array([[ 0,  0,  0,  0,  0,  0,  0],
       [ 0,  0,  0,  0,  0,  0,  0],
       [ 0,  1,  0,  0,  0,  0,  0],
       [ 0,  1,  0,  0,  0,  0,  0],
       [ 0, -1, -1, -1,  0,  0,  0],
       [ 0,  1,  1, -1,  0,  0,  0]], dtype=int32)}
----------------------
{'label': 4, 'board': array([[ 0,  0,  0,  0,  0,  0,  0],
       [ 0,  0,  0,  1,  0,  0,  0],
       [ 0,  0,  0, -1,  0,  0,  0],
       [ 0,  0,  0,  1,  0,  0,  0],
       [ 0,  0,  0, -1,  0,  0,  0],
       [ 0,  0,  1, -1,  0,  1,  0]], dtype=int32)}
***************************
{'label': 1, 'board': array([[ 0,  0,  0,  0,  0,  0,  0],
       [ 0,  0,  0,  0,  0,  0,  0],
       [ 0,  0,  0,  0,  0,  0,  0],
       [ 0,  0,  0,  0,  0,  0,  0],
       [ 0,  0,  0, -1,  0,  0,  0],
       [ 0,  0,  1, -1,  0,  1,  0]], dtype=int32)}
----------------------
{'label': 4, 'board': array([[ 0,  0,  0,  0,  0,  0,  0],
       [ 0,  0,  0,  0,  0,  0,  0],
       [ 0,  0,  0, -1,  0,  0,  0],
       [ 0,  0,  0,  1,  0, -1,  0],
       [ 0,  0,  0, -1,  0,  1,  0],
       [ 0,  0,  1, -1,  0,  1,  0]], dtype=int32)}
***************************
[09-01 16:34:47 MainThread @logger.py:242] Argv: fsample.py
[09-01 16:34:49 MainThread @__init__.py:44] PARL detects two backend frameworks: paddle, torch. Use paddle by default.
[09-01 16:34:49 MainThread @__init__.py:45] To use torch as backend, `export PARL_BACKEND=torch` before running the scripts.

[4, 5, 7, 8, 9]
[4, 5, 7, 8, 9]
step: 4
1: 
[array([[ 0,  0,  0,  0,  0,  0,  0],
       [ 0,  0,  0,  0,  0,  0,  0],
       [ 0,  0,  0,  0,  0,  0,  0],
       [ 0,  0,  0,  0,  0,  0,  0],
       [ 0,  0,  0, -1,  0,  0,  0],
       [ 0,  1,  0, -1,  1,  0,  0]]), array([[ 0,  0,  0,  0,  0,  0,  0],
       [ 0,  0,  0,  0,  0,  0,  0],
       [ 0,  0,  0,  0,  0,  0,  0],
       [ 0,  0,  0,  0,  0,  0,  0],
       [ 0,  0,  0, -1,  0,  0,  0],
       [ 0,  0,  1, -1,  0,  1,  0]])]
**********************
4: 
[]
================
step: 5
1: 
[array([[ 0,  0,  0,  0,  0,  0,  0],
       [ 0,  0,  0,  0,  0,  0,  0],
       [ 0,  0,  0,  0,  0,  0,  0],
       [ 0,  0,  0,  0,  0,  0,  0],
       [ 0, -1,  0,  1,  0,  0,  0],
       [ 0,  1, -1,  1,  0,  0,  0]]), array([[ 0,  0,  0,  0,  0,  0,  0],
       [ 0,  0,  0,  0,  0,  0,  0],
       [ 0,  0,  0,  0,  0,  0,  0],
       [ 0,  0,  0,  0,  0,  0,  0],
       [ 0,  1,  0, -1,  0,  0,  0],
       [ 0,  1,  0, -1,  1,  0,  0]])]
**********************
4: 
[]
================
step: 7
1: 
[array([[ 0,  0,  0,  0,  0,  0,  0],
       [ 0,  0,  0,  0,  0,  0,  0],
       [ 0,  0,  0,  0,  0,  0,  0],
       [ 0,  0,  0, -1,  0,  0,  0],
       [ 0, -1,  0,  1,  0,  0,  0],
       [ 0,  1, -1,  1,  0,  0,  1]]), array([[ 0,  0,  0,  0,  0,  0,  0],
       [ 0,  0,  0,  0,  0,  0,  0],
       [ 0,  0,  0, -1,  0,  0,  0],
       [ 0,  0,  0,  1,  0,  0,  0],
       [ 0,  0,  0, -1,  0,  1,  0],
       [ 0,  0,  1, -1,  0,  1,  0]])]
**********************
4: 
[array([[ 0,  0,  0,  0,  0,  0,  0],
       [ 0,  0,  0,  1,  0,  0,  0],
       [ 0,  0,  0, -1,  0,  0,  0],
       [ 0,  0,  0,  1,  0,  0,  0],
       [ 0,  0,  0, -1,  0,  0,  0],
       [ 0,  0,  1, -1,  0,  1,  0]])]
================
step: 8
1: 
[array([[ 0,  0,  0,  0,  0,  0,  0],
       [ 0,  0,  0,  0,  0,  0,  0],
       [ 0,  1,  0,  0,  0,  0,  0],
       [ 0,  1,  0,  0,  0,  0,  0],
       [ 0, -1, -1, -1,  0,  0,  0],
       [ 0,  1,  1, -1,  0,  0,  0]])]
**********************
4: 
[array([[ 0,  0,  0,  0,  0,  0,  0],
       [ 0,  0,  0,  0,  0,  0,  0],
       [ 0,  0,  0, -1,  0,  0,  0],
       [ 0,  0,  0,  1,  0, -1,  0],
       [ 0,  0,  0, -1,  0,  1,  0],
       [ 0,  0,  1, -1,  0,  1,  0]])]
================
step: 9
1: 
[array([[ 0,  0,  0,  0,  0,  0,  0],
       [ 0,  0,  0,  0,  0,  0,  0],
       [ 0,  0,  0, -1,  0,  0,  0],
       [ 0,  0,  0, -1,  0,  0,  0],
       [ 0, -1,  0,  1,  0,  0,  0],
       [ 0,  1, -1,  1,  1,  0,  1]])]
**********************
4: 
[array([[ 0,  0,  0,  0,  0,  0,  0],
       [ 0,  0,  0,  0,  0,  0,  0],
       [ 0,  1,  0,  1,  0,  0,  0],
       [ 0, -1,  0, -1,  0,  0,  0],
       [ 0,  1,  0, -1,  0,  0,  0],
       [ 0,  1,  0, -1,  1,  0,  0]])]
================
