[09-01 16:25:14 MainThread @logger.py:242] Argv: fsample.py
[09-01 16:25:16 MainThread @__init__.py:44] PARL detects two backend frameworks: paddle, torch. Use paddle by default.
[09-01 16:25:16 MainThread @__init__.py:45] To use torch as backend, `export PARL_BACKEND=torch` before running the scripts.

[(4, 1), (6, 1), (7, 2), (9, 1)]
[(4, 0), (6, 1), (7, 0), (9, 1)]
[09-01 16:34:28 MainThread @logger.py:242] Argv: fsample.py
[09-01 16:34:30 MainThread @__init__.py:44] PARL detects two backend frameworks: paddle, torch. Use paddle by default.
[09-01 16:34:30 MainThread @__init__.py:45] To use torch as backend, `export PARL_BACKEND=torch` before running the scripts.

[4, 6, 7, 9]
[4, 6, 7, 9]
step: 4
1: 
[array([[ 0,  0,  0,  0,  0,  0,  0],
       [ 0,  0,  0,  0,  0,  0,  0],
       [ 0,  0,  0,  0,  0,  0,  0],
       [ 0,  0,  0,  0,  0,  0,  0],
       [ 1,  0,  0,  0,  0,  0,  0],
       [ 1,  0,  0, -1, -1,  0,  0]])]
**********************
4: 
[]
================
step: 6
1: 
[array([[ 0,  0,  0,  0,  0,  0,  0],
       [ 0,  0,  0,  0,  0,  0,  0],
       [ 0,  0,  0,  0,  0,  0,  0],
       [ 0,  0,  0,  0,  0,  0,  0],
       [ 1,  0, -1,  0,  0,  0,  0],
       [ 1,  0,  1, -1, -1,  0,  0]])]
**********************
4: 
[array([[ 0,  0,  0,  0,  0,  0,  0],
       [ 0,  0,  0,  0,  0,  0,  0],
       [-1,  0,  0,  0,  0,  0,  0],
       [ 1,  0,  0,  0,  0,  0,  0],
       [ 1,  0,  0,  0,  0,  0,  0],
       [ 1,  0,  0, -1, -1,  0,  0]])]
================
step: 7
1: 
[array([[ 0,  0,  0,  0,  0,  0,  0],
       [ 0,  0,  0,  0,  0,  0,  0],
       [ 0,  0,  0,  0,  0,  0,  0],
       [ 0,  0,  0,  0,  0,  0,  0],
       [ 1,  0, -1,  0,  1,  0,  0],
       [ 1,  0,  1, -1, -1,  0,  0]]), array([[ 0,  0,  0,  0,  0,  0,  0],
       [ 0,  0,  0,  0,  0,  0,  0],
       [ 0,  0,  0,  0,  0,  0,  0],
       [ 0,  0,  0,  0,  0,  0,  0],
       [ 1,  0, -1,  1,  0,  0,  0],
       [ 1,  0,  1, -1, -1,  0,  0]])]
**********************
4: 
[]
================
step: 9
1: 
[array([[ 0,  0,  0,  0,  0,  0,  0],
       [ 0,  0,  0,  0,  0,  0,  0],
       [ 0,  0,  0,  0,  0,  0,  0],
       [ 0,  0,  1,  0,  0,  0,  0],
       [ 1,  0, -1, -1,  0,  0,  0],
       [ 1,  0, -1,  1, -1,  0,  1]])]
**********************
4: 
[array([[ 0,  0,  0,  0,  0,  0,  0],
       [ 0,  0,  0,  0,  0,  0,  0],
       [ 0,  0,  0,  1,  0,  0,  0],
       [ 0,  0,  0, -1,  0,  0,  0],
       [ 1,  0, -1,  1,  0,  0,  0],
       [ 1,  0,  1, -1, -1,  0,  0]])]
================
