[09-10 18:23:08 MainThread @logger.py:242] Argv: compare.py
[09-10 18:23:10 MainThread @__init__.py:44] PARL detects two backend frameworks: paddle, torch. Use paddle by default.
[09-10 18:23:10 MainThread @__init__.py:45] To use torch as backend, `export PARL_BACKEND=torch` before running the scripts.
start
31
before:
[[-1  1  1 -1 -1  0  0]
 [ 1 -1 -1 -1  1  1  0]
 [-1 -1  1  1  1 -1 -1]
 [ 1  1 -1 -1  1  1 -1]
 [-1 -1  1  1 -1 -1  1]
 [ 1  1  1 -1  1 -1  1]]
after:
[[-1  1  1 -1 -1 -1  0]
 [ 1 -1 -1 -1  1  1  0]
 [-1 -1  1  1  1 -1 -1]
 [ 1  1 -1 -1  1  1 -1]
 [-1 -1  1  1 -1 -1  1]
 [ 1  1  1 -1  1 -1  1]]
------------------------
before:
[[-1  1  1 -1 -1  0  0]
 [ 1 -1 -1 -1  1  1  0]
 [-1 -1  1  1  1 -1 -1]
 [ 1  1 -1 -1  1  1 -1]
 [-1 -1  1  1 -1 -1  1]
 [ 1  1  1 -1  1 -1  1]]
after:
[[-1  1  1 -1 -1 -1  0]
 [ 1 -1 -1 -1  1  1  0]
 [-1 -1  1  1  1 -1 -1]
 [ 1  1 -1 -1  1  1 -1]
 [-1 -1  1  1 -1 -1  1]
 [ 1  1  1 -1  1 -1  1]]
------------------------
before:
[[ 0  0  0 -1  0  0  0]
 [ 0  0 -1 -1  0  0  0]
 [ 0  0  1  1  1  0  0]
 [ 0  0  1 -1 -1  0  0]
 [-1 -1  1 -1  1 -1  0]
 [ 1  1 -1  1  1 -1  1]]
after:
[[ 0  0  0 -1  0  0  0]
 [ 0  0 -1 -1  0  0  0]
 [ 0  0  1  1  1  0  0]
 [ 0  0  1 -1 -1  0  0]
 [-1 -1  1 -1  1 -1  0]
 [ 1  1 -1  1  1 -1  1]]
------------------------
before:
[[-1 -1  0  1  1  0  1]
 [ 1 -1  0 -1 -1  0 -1]
 [-1  1  0 -1  1  0  1]
 [ 1  1  0 -1 -1  0 -1]
 [ 1 -1  0  1 -1  0  1]
 [ 1  1  1 -1  1  0 -1]]
after:
[[-1 -1  0  1  1  0  1]
 [ 1 -1  0 -1 -1  0 -1]
 [-1  1  0 -1  1  0  1]
 [ 1  1  0 -1 -1  0 -1]
 [ 1 -1  0  1 -1  0  1]
 [ 1  1  1 -1  1 -1 -1]]
------------------------
before:
[[-1  1  1 -1 -1  0  0]
 [ 1 -1 -1 -1  1  1  0]
 [-1 -1  1  1  1 -1 -1]
 [ 1  1 -1 -1  1  1 -1]
 [-1 -1  1  1 -1 -1  1]
 [ 1  1  1 -1  1 -1  1]]
after:
[[-1  1  1 -1 -1 -1  0]
 [ 1 -1 -1 -1  1  1  0]
 [-1 -1  1  1  1 -1 -1]
 [ 1  1 -1 -1  1  1 -1]
 [-1 -1  1  1 -1 -1  1]
 [ 1  1  1 -1  1 -1  1]]
------------------------
start 4
before:
[[ 0  0  0 -1  0  0  0]
 [ 0  1 -1 -1  0  0  0]
 [ 0  1  1  1  0  0  0]
 [ 0 -1 -1 -1  0  0  0]
 [ 0 -1  1 -1  0  0  1]
 [-1  1  1 -1  1  0  1]]
after:
[[ 0  0  0 -1  0  0  0]
 [ 0  1 -1 -1  0  0  0]
 [ 0  1  1  1  0  0  0]
 [ 0 -1 -1 -1  0  0  1]
 [ 0 -1  1 -1  0  0  1]
 [-1  1  1 -1  1  0  1]]
------------------------
before:
[[ 0 -1  1 -1  0  0  0]
 [ 0  1 -1 -1  0  0  0]
 [ 0  1  1  1  0  0  0]
 [ 0 -1 -1 -1  0  0  0]
 [ 0 -1  1 -1  0  0  1]
 [-1  1  1 -1  1  0  1]]
after:
[[ 0 -1  1 -1  0  0  0]
 [ 0  1 -1 -1  0  0  0]
 [ 0  1  1  1  0  0  0]
 [ 0 -1 -1 -1  0  0  1]
 [ 0 -1  1 -1  0  0  1]
 [-1  1  1 -1  1  0  1]]
------------------------
before:
[[ 0 -1  1 -1  0  0  0]
 [ 0  1 -1 -1  0  0  0]
 [ 0  1  1  1  0  0 -1]
 [ 0 -1 -1 -1  0  0  1]
 [ 0 -1  1 -1  0  0  1]
 [-1  1  1 -1  1  0  1]]
after:
[[ 0 -1  1 -1  0  0  0]
 [ 0  1 -1 -1  0  0  1]
 [ 0  1  1  1  0  0 -1]
 [ 0 -1 -1 -1  0  0  1]
 [ 0 -1  1 -1  0  0  1]
 [-1  1  1 -1  1  0  1]]
------------------------
before:
[[ 0 -1  1 -1  0  0  0]
 [ 0  1 -1 -1  0  0  1]
 [ 0  1  1  1  0  0 -1]
 [ 0 -1 -1 -1  0  0  1]
 [ 0 -1  1 -1  0  0  1]
 [-1  1  1 -1  1  0  1]]
after:
[[ 0 -1  1 -1  0  0 -1]
 [ 0  1 -1 -1  0  0  1]
 [ 0  1  1  1  0  0 -1]
 [ 0 -1 -1 -1  0  0  1]
 [ 0 -1  1 -1  0  0  1]
 [-1  1  1 -1  1  0  1]]
------------------------
before:
[[ 0 -1  1 -1  0  0 -1]
 [ 0  1 -1 -1  0  0  1]
 [ 0  1  1  1  0  0 -1]
 [ 0 -1 -1 -1  0  0  1]
 [ 0 -1  1 -1  0  0  1]
 [-1  1  1 -1  1  0  1]]
after:
[[ 0 -1  1 -1  0  0 -1]
 [ 0  1 -1 -1  0  0  1]
 [ 0  1  1  1  0  0 -1]
 [ 0 -1 -1 -1  0  0  1]
 [ 0 -1  1 -1  0  0  1]
 [-1  1  1 -1  1  1  1]]
------------------------
before:
[[ 0 -1  1 -1  0  0 -1]
 [ 0  1 -1 -1  0  0  1]
 [ 0  1  1  1  0  0 -1]
 [ 0 -1 -1 -1  0  0  1]
 [ 0 -1  1 -1  0 -1  1]
 [-1  1  1 -1  1  1  1]]
after:
[[ 0 -1  1 -1  0  0 -1]
 [ 0  1 -1 -1  0  0  1]
 [ 0  1  1  1  0  0 -1]
 [ 0 -1 -1 -1  0  1  1]
 [ 0 -1  1 -1  0 -1  1]
 [-1  1  1 -1  1  1  1]]
------------------------
before:
[[ 0 -1  1 -1  0  0 -1]
 [ 0  1 -1 -1  0  0  1]
 [ 0  1  1  1  0 -1 -1]
 [ 0 -1 -1 -1  0  1  1]
 [ 0 -1  1 -1  0 -1  1]
 [-1  1  1 -1  1  1  1]]
after:
[[ 0 -1  1 -1  0  0 -1]
 [ 0  1 -1 -1  0  1  1]
 [ 0  1  1  1  0 -1 -1]
 [ 0 -1 -1 -1  0  1  1]
 [ 0 -1  1 -1  0 -1  1]
 [-1  1  1 -1  1  1  1]]
------------------------
before:
[[ 0 -1  1 -1  0 -1 -1]
 [ 0  1 -1 -1  0  1  1]
 [ 0  1  1  1  0 -1 -1]
 [ 0 -1 -1 -1  0  1  1]
 [ 0 -1  1 -1  0 -1  1]
 [-1  1  1 -1  1  1  1]]
after:
[[ 0 -1  1 -1  0 -1 -1]
 [ 0  1 -1 -1  0  1  1]
 [ 0  1  1  1  0 -1 -1]
 [ 0 -1 -1 -1  0  1  1]
 [ 0 -1  1 -1  1 -1  1]
 [-1  1  1 -1  1  1  1]]
------------------------
before:
[[ 0  0  0 -1  0  0  0]
 [ 0  0 -1 -1  0  0  0]
 [ 0  0  1  1  1  0  0]
 [ 0  0  1 -1 -1  0  0]
 [ 0 -1  1 -1  1 -1  0]
 [ 0  1 -1  1  1 -1  1]]
after:
[[ 0  0  1 -1  0  0  0]
 [ 0  0 -1 -1  0  0  0]
 [ 0  0  1  1  1  0  0]
 [ 0  0  1 -1 -1  0  0]
 [ 0 -1  1 -1  1 -1  0]
 [ 0  1 -1  1  1 -1  1]]
------------------------
before:
[[ 0  0  0 -1  0  0  0]
 [ 0  0 -1 -1  0  0  0]
 [-1  0  1  1  1  0  0]
 [ 1  0  1 -1 -1  0  0]
 [-1 -1  1 -1  1 -1  0]
 [ 1  1 -1  1  1 -1  1]]
after:
[[ 0  0  1 -1  0  0  0]
 [ 0  0 -1 -1  0  0  0]
 [-1  0  1  1  1  0  0]
 [ 1  0  1 -1 -1  0  0]
 [-1 -1  1 -1  1 -1  0]
 [ 1  1 -1  1  1 -1  1]]
------------------------
before:
[[-1  0  0 -1  0  0  0]
 [ 1  0 -1 -1  0  0  0]
 [-1  0  1  1  1  0  0]
 [ 1  0  1 -1 -1  0  0]
 [-1 -1  1 -1  1 -1  0]
 [ 1  1 -1  1  1 -1  1]]
after:
[[-1  0  1 -1  0  0  0]
 [ 1  0 -1 -1  0  0  0]
 [-1  0  1  1  1  0  0]
 [ 1  0  1 -1 -1  0  0]
 [-1 -1  1 -1  1 -1  0]
 [ 1  1 -1  1  1 -1  1]]
------------------------
before:
[[-1  0 -1 -1  0  0  0]
 [ 1  0 -1 -1  0  0  0]
 [-1  0  1  1  1  0  0]
 [ 1  0  1 -1 -1  0  0]
 [-1 -1  1 -1  1 -1  1]
 [ 1  1 -1  1  1 -1  1]]
after:
[[-1  0 -1 -1  0  0  0]
 [ 1  0 -1 -1  0  0  0]
 [-1  0  1  1  1  0  0]
 [ 1  0  1 -1 -1  0  1]
 [-1 -1  1 -1  1 -1  1]
 [ 1  1 -1  1  1 -1  1]]
------------------------
before:
[[-1  0 -1 -1  0  0  0]
 [ 1  0 -1 -1  0  0  0]
 [-1  0  1  1  1  0 -1]
 [ 1  0  1 -1 -1  0  1]
 [-1 -1  1 -1  1 -1  1]
 [ 1  1 -1  1  1 -1  1]]
after:
[[-1  0 -1 -1  0  0  0]
 [ 1  0 -1 -1  0  0  1]
 [-1  0  1  1  1  0 -1]
 [ 1  0  1 -1 -1  0  1]
 [-1 -1  1 -1  1 -1  1]
 [ 1  1 -1  1  1 -1  1]]
------------------------
before:
[[-1  0 -1 -1  0  0 -1]
 [ 1  0 -1 -1  0  0  1]
 [-1  0  1  1  1  0 -1]
 [ 1  0  1 -1 -1  0  1]
 [-1 -1  1 -1  1 -1  1]
 [ 1  1 -1  1  1 -1  1]]
after:
[[-1  0 -1 -1  0  0 -1]
 [ 1  0 -1 -1  0  0  1]
 [-1  0  1  1  1  0 -1]
 [ 1  1  1 -1 -1  0  1]
 [-1 -1  1 -1  1 -1  1]
 [ 1  1 -1  1  1 -1  1]]
------------------------
before:
[[-1  0 -1 -1  0  0 -1]
 [ 1  0 -1 -1  0  0  1]
 [-1 -1  1  1  1  0 -1]
 [ 1  1  1 -1 -1  0  1]
 [-1 -1  1 -1  1 -1  1]
 [ 1  1 -1  1  1 -1  1]]
after:
[[-1  0 -1 -1  0  0 -1]
 [ 1  1 -1 -1  0  0  1]
 [-1 -1  1  1  1  0 -1]
 [ 1  1  1 -1 -1  0  1]
 [-1 -1  1 -1  1 -1  1]
 [ 1  1 -1  1  1 -1  1]]
------------------------
before:
[[-1  0 -1 -1 -1  0 -1]
 [ 1  0 -1 -1  1  0  1]
 [-1 -1  1  1  1  0 -1]
 [ 1  1  1 -1 -1  0  1]
 [-1 -1  1 -1  1 -1  1]
 [ 1  1 -1  1  1 -1  1]]
after:
[[-1  0 -1 -1 -1  0 -1]
 [ 1  1 -1 -1  1  0  1]
 [-1 -1  1  1  1  0 -1]
 [ 1  1  1 -1 -1  0  1]
 [-1 -1  1 -1  1 -1  1]
 [ 1  1 -1  1  1 -1  1]]
------------------------
before:
[[ 0  0  0  0  0  0  0]
 [ 1  0  0 -1  1  0  0]
 [ 1  0  0 -1 -1  0  0]
 [-1  0  0  1 -1  0  0]
 [ 1  0 -1 -1  1  0 -1]
 [ 1  1  1 -1 -1  1  1]]
after:
[[ 0  0  0  0  0  0  0]
 [ 1  0  0 -1  1  0  0]
 [ 1  0  0 -1 -1  0  0]
 [-1  0  0  1 -1  0  0]
 [ 1 -1 -1 -1  1  0 -1]
 [ 1  1  1 -1 -1  1  1]]
------------------------
before:
[[ 0  0  0  0  0  0  0]
 [ 1  0  0 -1  1  0  0]
 [ 1  0  0 -1 -1  0  0]
 [-1  0  0  1 -1  0  0]
 [ 1 -1 -1 -1  1  0 -1]
 [ 1  1  1 -1 -1  1  1]]
after:
[[ 0  0  0  1  0  0  0]
 [ 1  0  0 -1  1  0  0]
 [ 1  0  0 -1 -1  0  0]
 [-1  0  0  1 -1  0  0]
 [ 1 -1 -1 -1  1  0 -1]
 [ 1  1  1 -1 -1  1  1]]
------------------------
before:
[[ 0  0  0  0  0  0  0]
 [ 1  0  0 -1  1  0  0]
 [ 1  0  0 -1 -1  0 -1]
 [-1  0  0  1 -1  0  1]
 [ 1 -1 -1 -1  1  0 -1]
 [ 1  1  1 -1 -1  1  1]]
after:
[[ 0  0  0  1  0  0  0]
 [ 1  0  0 -1  1  0  0]
 [ 1  0  0 -1 -1  0 -1]
 [-1  0  0  1 -1  0  1]
 [ 1 -1 -1 -1  1  0 -1]
 [ 1  1  1 -1 -1  1  1]]
------------------------
before:
[[ 0  0  0  0  0  0  0]
 [ 1  0  0 -1  1  0  0]
 [ 1  0 -1 -1 -1  0 -1]
 [-1  0  1  1 -1  0  1]
 [ 1 -1 -1 -1  1  0 -1]
 [ 1  1  1 -1 -1  1  1]]
after:
[[ 0  0  0  1  0  0  0]
 [ 1  0  0 -1  1  0  0]
 [ 1  0 -1 -1 -1  0 -1]
 [-1  0  1  1 -1  0  1]
 [ 1 -1 -1 -1  1  0 -1]
 [ 1  1  1 -1 -1  1  1]]
------------------------
before:
[[ 0  0  0 -1  1  0  0]
 [ 1  0  0 -1  1  0  0]
 [ 1  0 -1 -1 -1  0 -1]
 [-1  0  1  1 -1  0  1]
 [ 1 -1 -1 -1  1  0 -1]
 [ 1  1  1 -1 -1  1  1]]
after:
[[ 0  0  0 -1  1  0  0]
 [ 1  0  0 -1  1  0  1]
 [ 1  0 -1 -1 -1  0 -1]
 [-1  0  1  1 -1  0  1]
 [ 1 -1 -1 -1  1  0 -1]
 [ 1  1  1 -1 -1  1  1]]
------------------------
before:
[[ 0  0 -1 -1  1  0  0]
 [ 1  0  1 -1  1  0  0]
 [ 1  0 -1 -1 -1  0 -1]
 [-1  0  1  1 -1  0  1]
 [ 1 -1 -1 -1  1  0 -1]
 [ 1  1  1 -1 -1  1  1]]
after:
[[ 0  0 -1 -1  1  0  0]
 [ 1  0  1 -1  1  0  1]
 [ 1  0 -1 -1 -1  0 -1]
 [-1  0  1  1 -1  0  1]
 [ 1 -1 -1 -1  1  0 -1]
 [ 1  1  1 -1 -1  1  1]]
------------------------
before:
[[ 1  0 -1 -1  1  0  0]
 [ 1  0  1 -1  1  0  0]
 [ 1  0 -1 -1 -1  0 -1]
 [-1  0  1  1 -1  0  1]
 [ 1 -1 -1 -1  1 -1 -1]
 [ 1  1  1 -1 -1  1  1]]
after:
[[ 1  0 -1 -1  1  0  0]
 [ 1  0  1 -1  1  0  1]
 [ 1  0 -1 -1 -1  0 -1]
 [-1  0  1  1 -1  0  1]
 [ 1 -1 -1 -1  1 -1 -1]
 [ 1  1  1 -1 -1  1  1]]
------------------------
before:
[[ 0 -1  0  0  0  0  0]
 [ 0  1  0  0  0  0  0]
 [ 0  1  0  1  0  0 -1]
 [ 0  1  0 -1 -1 -1  1]
 [-1 -1  0 -1  1 -1  1]
 [ 1 -1  0 -1  1  1  1]]
after:
[[ 0 -1  0  0  0  0  0]
 [ 0  1  0  0  0  0  0]
 [ 0  1  0  1  0  1 -1]
 [ 0  1  0 -1 -1 -1  1]
 [-1 -1  0 -1  1 -1  1]
 [ 1 -1  0 -1  1  1  1]]
------------------------
before:
[[ 0 -1  0  0  0  0  0]
 [ 0  1  0  0  0  0  1]
 [ 0  1  0  1  0 -1 -1]
 [ 0  1  0 -1 -1 -1  1]
 [-1 -1  0 -1  1 -1  1]
 [ 1 -1  0 -1  1  1  1]]
after:
[[ 0 -1  0  0  0  0  0]
 [ 0  1  0  0  0  1  1]
 [ 0  1  0  1  0 -1 -1]
 [ 0  1  0 -1 -1 -1  1]
 [-1 -1  0 -1  1 -1  1]
 [ 1 -1  0 -1  1  1  1]]
------------------------
before:
[[ 0 -1  0  0  0  0  0]
 [ 0  1  0  0  0  1  1]
 [ 0  1  0  1  0 -1 -1]
 [ 0  1  0 -1 -1 -1  1]
 [-1 -1  0 -1  1 -1  1]
 [ 1 -1  0 -1  1  1  1]]
after:
[[ 0 -1  0  0  0  0  0]
 [ 0  1  0 -1  0  1  1]
 [ 0  1  0  1  0 -1 -1]
 [ 0  1  0 -1 -1 -1  1]
 [-1 -1  0 -1  1 -1  1]
 [ 1 -1  0 -1  1  1  1]]
------------------------
before:
[[ 0 -1  0  0  0  0  0]
 [ 0  1  0 -1  0  1  1]
 [ 0  1  0  1  0 -1 -1]
 [ 0  1  0 -1 -1 -1  1]
 [-1 -1  0 -1  1 -1  1]
 [ 1 -1  0 -1  1  1  1]]
after:
[[ 0 -1  0  1  0  0  0]
 [ 0  1  0 -1  0  1  1]
 [ 0  1  0  1  0 -1 -1]
 [ 0  1  0 -1 -1 -1  1]
 [-1 -1  0 -1  1 -1  1]
 [ 1 -1  0 -1  1  1  1]]
------------------------
before:
[[ 0 -1  0  0  0  0  0]
 [ 0  1  0 -1  0  1  1]
 [ 0  1  0  1  0 -1 -1]
 [ 1  1  0 -1 -1 -1  1]
 [-1 -1  0 -1  1 -1  1]
 [ 1 -1  0 -1  1  1  1]]
after:
[[ 0 -1  0 -1  0  0  0]
 [ 0  1  0 -1  0  1  1]
 [ 0  1  0  1  0 -1 -1]
 [ 1  1  0 -1 -1 -1  1]
 [-1 -1  0 -1  1 -1  1]
 [ 1 -1  0 -1  1  1  1]]
------------------------
before:
[[ 0 -1  0 -1  0  0  0]
 [ 0  1  0 -1  0  1  1]
 [ 0  1  0  1  0 -1 -1]
 [ 1  1  0 -1 -1 -1  1]
 [-1 -1  0 -1  1 -1  1]
 [ 1 -1  0 -1  1  1  1]]
after:
[[ 0 -1  0 -1  0  0  0]
 [ 0  1  0 -1  0  1  1]
 [ 0  1  0  1  1 -1 -1]
 [ 1  1  0 -1 -1 -1  1]
 [-1 -1  0 -1  1 -1  1]
 [ 1 -1  0 -1  1  1  1]]
------------------------
before:
[[ 0  0  0  0  0  0  0]
 [ 0 -1  0  1  0  1  0]
 [-1  1  0  1  0 -1  0]
 [ 1 -1  0 -1 -1 -1  0]
 [ 1 -1  0 -1  1 -1  0]
 [-1  1  1  1 -1  1  1]]
after:
[[ 0  0  0  1  0  0  0]
 [ 0 -1  0  1  0  1  0]
 [-1  1  0  1  0 -1  0]
 [ 1 -1  0 -1 -1 -1  0]
 [ 1 -1  0 -1  1 -1  0]
 [-1  1  1  1 -1  1  1]]
------------------------
before:
[[ 0  0  0  0  0  0  0]
 [ 0 -1  0  1 -1  1  0]
 [-1  1  0  1  1 -1  0]
 [ 1 -1  0 -1 -1 -1  0]
 [ 1 -1  0 -1  1 -1  0]
 [-1  1  1  1 -1  1  1]]
after:
[[ 0  0  0  1  0  0  0]
 [ 0 -1  0  1 -1  1  0]
 [-1  1  0  1  1 -1  0]
 [ 1 -1  0 -1 -1 -1  0]
 [ 1 -1  0 -1  1 -1  0]
 [-1  1  1  1 -1  1  1]]
------------------------
before:
[[ 0  0  0 -1  0  0  0]
 [ 1 -1  0  1 -1  1  0]
 [-1  1  0  1  1 -1  0]
 [ 1 -1  0 -1 -1 -1  0]
 [ 1 -1  0 -1  1 -1  0]
 [-1  1  1  1 -1  1  1]]
after:
[[ 0  1  0 -1  0  0  0]
 [ 1 -1  0  1 -1  1  0]
 [-1  1  0  1  1 -1  0]
 [ 1 -1  0 -1 -1 -1  0]
 [ 1 -1  0 -1  1 -1  0]
 [-1  1  1  1 -1  1  1]]
------------------------
before:
[[-1  1  0 -1  0  0  0]
 [ 1 -1  0  1 -1  1  0]
 [-1  1  0  1  1 -1  0]
 [ 1 -1  0 -1 -1 -1  0]
 [ 1 -1  0 -1  1 -1  0]
 [-1  1  1  1 -1  1  1]]
after:
[[-1  1  0 -1  1  0  0]
 [ 1 -1  0  1 -1  1  0]
 [-1  1  0  1  1 -1  0]
 [ 1 -1  0 -1 -1 -1  0]
 [ 1 -1  0 -1  1 -1  0]
 [-1  1  1  1 -1  1  1]]
------------------------
before:
[[ 0  0  0  0  0  0  0]
 [ 0  1  0  1  0  0  0]
 [-1 -1  0 -1 -1  0  0]
 [ 1 -1  0 -1 -1  0  0]
 [ 1 -1  0  1 -1  0  1]
 [ 1  1  0 -1  1  0  1]]
after:
[[ 0  0  0  0  0  0  0]
 [ 0  1  0  1  1  0  0]
 [-1 -1  0 -1 -1  0  0]
 [ 1 -1  0 -1 -1  0  0]
 [ 1 -1  0  1 -1  0  1]
 [ 1  1  0 -1  1  0  1]]
------------------------
before:
[[ 0 -1  0  0  0  0  0]
 [ 0  1  0  1  1  0  0]
 [-1 -1  0 -1 -1  0  0]
 [ 1 -1  0 -1 -1  0  0]
 [ 1 -1  0  1 -1  0  1]
 [ 1  1  0 -1  1  0  1]]
after:
[[ 0 -1  0  0  0  0  0]
 [ 1  1  0  1  1  0  0]
 [-1 -1  0 -1 -1  0  0]
 [ 1 -1  0 -1 -1  0  0]
 [ 1 -1  0  1 -1  0  1]
 [ 1  1  0 -1  1  0  1]]
------------------------
before:
[[ 0 -1  0  0  0  0  0]
 [ 0  1  0  1  1  0  0]
 [-1 -1  0 -1 -1  0 -1]
 [ 1 -1  0 -1 -1  0  1]
 [ 1 -1  0  1 -1  0  1]
 [ 1  1  0 -1  1  0  1]]
after:
[[ 0 -1  0  0  0  0  0]
 [ 0  1  0  1  1  0  1]
 [-1 -1  0 -1 -1  0 -1]
 [ 1 -1  0 -1 -1  0  1]
 [ 1 -1  0  1 -1  0  1]
 [ 1  1  0 -1  1  0  1]]
------------------------
before:
[[ 0 -1  0  0  0  0 -1]
 [ 0  1  0  1  1  0  1]
 [-1 -1  0 -1 -1  0 -1]
 [ 1 -1  0 -1 -1  0  1]
 [ 1 -1  0  1 -1  0  1]
 [ 1  1  0 -1  1  0  1]]
after:
[[ 0 -1  0  0  1  0 -1]
 [ 0  1  0  1  1  0  1]
 [-1 -1  0 -1 -1  0 -1]
 [ 1 -1  0 -1 -1  0  1]
 [ 1 -1  0  1 -1  0  1]
 [ 1  1  0 -1  1  0  1]]
------------------------
before:
[[ 0 -1  0  0  0  0 -1]
 [ 0  1  0  1  1  0  1]
 [-1 -1  0 -1 -1  0 -1]
 [ 1 -1  0 -1 -1  0  1]
 [ 1 -1  0  1 -1 -1  1]
 [ 1  1  0 -1  1  1  1]]
after:
[[ 0 -1  0  0  1  0 -1]
 [ 0  1  0  1  1  0  1]
 [-1 -1  0 -1 -1  0 -1]
 [ 1 -1  0 -1 -1  0  1]
 [ 1 -1  0  1 -1 -1  1]
 [ 1  1  0 -1  1  1  1]]
------------------------
before:
[[ 0 -1  0  0  0  0 -1]
 [ 1  1  0  1  1  0  1]
 [-1 -1  0 -1 -1  0 -1]
 [ 1 -1  0 -1 -1  0  1]
 [ 1 -1  0  1 -1 -1  1]
 [ 1  1  0 -1  1  1  1]]
after:
[[-1 -1  0  0  0  0 -1]
 [ 1  1  0  1  1  0  1]
 [-1 -1  0 -1 -1  0 -1]
 [ 1 -1  0 -1 -1  0  1]
 [ 1 -1  0  1 -1 -1  1]
 [ 1  1  0 -1  1  1  1]]
------------------------
before:
[[-1 -1  0  0  0  0 -1]
 [ 1  1  0  1  1  0  1]
 [-1 -1  0 -1 -1  0 -1]
 [ 1 -1  0 -1 -1  0  1]
 [ 1 -1  0  1 -1 -1  1]
 [ 1  1  0 -1  1  1  1]]
after:
[[-1 -1  0  0  1  0 -1]
 [ 1  1  0  1  1  0  1]
 [-1 -1  0 -1 -1  0 -1]
 [ 1 -1  0 -1 -1  0  1]
 [ 1 -1  0  1 -1 -1  1]
 [ 1  1  0 -1  1  1  1]]
------------------------
before:
[[ 0 -1  1  1  0  0  0]
 [ 0  1 -1 -1  0  0  0]
 [ 0 -1 -1 -1  0  0  0]
 [ 0  1 -1 -1  0  0  0]
 [ 0 -1  1  1  0  0  1]
 [ 1  1 -1  1 -1  0  1]]
after:
[[ 0 -1  1  1  0  0  0]
 [ 0  1 -1 -1  0  0  0]
 [ 0 -1 -1 -1  0  0  0]
 [ 0  1 -1 -1  0  0  0]
 [ 1 -1  1  1  0  0  1]
 [ 1  1 -1  1 -1  0  1]]
------------------------
before:
[[ 0 -1  1  1  0  0  0]
 [ 0  1 -1 -1  0  0  0]
 [ 0 -1 -1 -1  0  0 -1]
 [ 0  1 -1 -1  0  0  1]
 [ 0 -1  1  1  0  0  1]
 [ 1  1 -1  1 -1  0  1]]
after:
[[ 0 -1  1  1  0  0  0]
 [ 0  1 -1 -1  0  0  1]
 [ 0 -1 -1 -1  0  0 -1]
 [ 0  1 -1 -1  0  0  1]
 [ 0 -1  1  1  0  0  1]
 [ 1  1 -1  1 -1  0  1]]
------------------------
before:
[[ 0 -1  1  1  0  0  0]
 [ 0  1 -1 -1  0  0  0]
 [ 0 -1 -1 -1  0  0 -1]
 [ 0  1 -1 -1  0  0  1]
 [ 0 -1  1  1  0 -1  1]
 [ 1  1 -1  1 -1  1  1]]
after:
[[ 0 -1  1  1  0  0  0]
 [ 0  1 -1 -1  0  0  1]
 [ 0 -1 -1 -1  0  0 -1]
 [ 0  1 -1 -1  0  0  1]
 [ 0 -1  1  1  0 -1  1]
 [ 1  1 -1  1 -1  1  1]]
------------------------
before:
[[ 0 -1  1  1  0  0  0]
 [ 0  1 -1 -1  0  0  0]
 [ 0 -1 -1 -1  0  0 -1]
 [ 0  1 -1 -1  0  0  1]
 [ 1 -1  1  1 -1 -1  1]
 [ 1  1 -1  1 -1  1  1]]
after:
[[ 0 -1  1  1  0  0  0]
 [ 0  1 -1 -1  0  0  1]
 [ 0 -1 -1 -1  0  0 -1]
 [ 0  1 -1 -1  0  0  1]
 [ 1 -1  1  1 -1 -1  1]
 [ 1  1 -1  1 -1  1  1]]
------------------------
before:
[[ 0  0  0  1  0  0  0]
 [ 0  0 -1 -1  0  0  0]
 [ 0  0 -1 -1  0 -1  0]
 [ 0  0 -1 -1  0  1  0]
 [ 1  0  1  1 -1  1  0]
 [ 1  0 -1  1  1  1 -1]]
after:
[[ 0  0  1  1  0  0  0]
 [ 0  0 -1 -1  0  0  0]
 [ 0  0 -1 -1  0 -1  0]
 [ 0  0 -1 -1  0  1  0]
 [ 1  0  1  1 -1  1  0]
 [ 1  0 -1  1  1  1 -1]]
------------------------
before:
[[ 0  0  1  1  0  0  0]
 [ 0  0 -1 -1  0  0  0]
 [ 0  0 -1 -1  0 -1  0]
 [ 0  0 -1 -1 -1  1  0]
 [ 1  0  1  1 -1  1  0]
 [ 1  0 -1  1  1  1 -1]]
after:
[[ 0  0  1  1  0  0  0]
 [ 0  0 -1 -1  0  0  0]
 [ 0  0 -1 -1  1 -1  0]
 [ 0  0 -1 -1 -1  1  0]
 [ 1  0  1  1 -1  1  0]
 [ 1  0 -1  1  1  1 -1]]
------------------------
before:
[[ 0  0  1  1  0  0  0]
 [ 0  0 -1 -1 -1  0  0]
 [ 0  0 -1 -1  1 -1  0]
 [ 0  0 -1 -1 -1  1  0]
 [ 1  0  1  1 -1  1  0]
 [ 1  0 -1  1  1  1 -1]]
after:
[[ 0  0  1  1  1  0  0]
 [ 0  0 -1 -1 -1  0  0]
 [ 0  0 -1 -1  1 -1  0]
 [ 0  0 -1 -1 -1  1  0]
 [ 1  0  1  1 -1  1  0]
 [ 1  0 -1  1  1  1 -1]]
------------------------
before:
[[ 0  0  1  1  0  0  0]
 [ 0  0 -1 -1 -1  0  0]
 [ 0  0 -1 -1  1 -1  0]
 [ 1  0 -1 -1 -1  1  0]
 [ 1  0  1  1 -1  1  0]
 [ 1  0 -1  1  1  1 -1]]
after:
[[ 0  0  1  1  0  0  0]
 [ 0  0 -1 -1 -1  0  0]
 [-1  0 -1 -1  1 -1  0]
 [ 1  0 -1 -1 -1  1  0]
 [ 1  0  1  1 -1  1  0]
 [ 1  0 -1  1  1  1 -1]]
------------------------
before:
[[ 0  0  1  1  0  0  0]
 [ 0  0 -1 -1 -1  0  0]
 [-1  0 -1 -1  1 -1  0]
 [ 1  0 -1 -1 -1  1  0]
 [ 1  0  1  1 -1  1  0]
 [ 1  0 -1  1  1  1 -1]]
after:
[[ 0  0  1  1  0  0  0]
 [ 0  0 -1 -1 -1  1  0]
 [-1  0 -1 -1  1 -1  0]
 [ 1  0 -1 -1 -1  1  0]
 [ 1  0  1  1 -1  1  0]
 [ 1  0 -1  1  1  1 -1]]
------------------------
before:
[[ 0 -1  0  1  1  0  0]
 [ 0  1  0 -1 -1  0  0]
 [ 0  1  0 -1  1  0  0]
 [ 0  1  0 -1 -1  0  0]
 [ 0 -1  0  1 -1  0 -1]
 [ 1  1 -1 -1  1  0  1]]
after:
[[ 0 -1  0  1  1  0  0]
 [ 0  1  0 -1 -1  0  0]
 [ 0  1  0 -1  1  0  0]
 [ 0  1  0 -1 -1  0  1]
 [ 0 -1  0  1 -1  0 -1]
 [ 1  1 -1 -1  1  0  1]]
------------------------
before:
[[ 0 -1  0  1  1  0  0]
 [ 0  1  0 -1 -1  0  0]
 [ 0  1  0 -1  1  0 -1]
 [ 0  1  0 -1 -1  0  1]
 [ 0 -1  0  1 -1  0 -1]
 [ 1  1 -1 -1  1  0  1]]
after:
[[ 0 -1  0  1  1  0  0]
 [ 0  1  0 -1 -1  0  1]
 [ 0  1  0 -1  1  0 -1]
 [ 0  1  0 -1 -1  0  1]
 [ 0 -1  0  1 -1  0 -1]
 [ 1  1 -1 -1  1  0  1]]
------------------------
before:
[[ 0 -1  0  1  1  0  0]
 [ 0  1  0 -1 -1  0  0]
 [ 0  1  0 -1  1  0 -1]
 [ 0  1  0 -1 -1  0  1]
 [-1 -1  0  1 -1  0 -1]
 [ 1  1 -1 -1  1  1  1]]
after:
[[ 0 -1  0  1  1  0  0]
 [ 0  1  0 -1 -1  0  1]
 [ 0  1  0 -1  1  0 -1]
 [ 0  1  0 -1 -1  0  1]
 [-1 -1  0  1 -1  0 -1]
 [ 1  1 -1 -1  1  1  1]]
------------------------
before:
[[ 0 -1  0  1  1  0  0]
 [ 0  1  0 -1 -1  0  0]
 [-1  1  0 -1  1  0 -1]
 [ 1  1  0 -1 -1  0  1]
 [-1 -1  0  1 -1  0 -1]
 [ 1  1 -1 -1  1  1  1]]
after:
[[ 0 -1  0  1  1  0  0]
 [ 0  1  0 -1 -1  0  1]
 [-1  1  0 -1  1  0 -1]
 [ 1  1  0 -1 -1  0  1]
 [-1 -1  0  1 -1  0 -1]
 [ 1  1 -1 -1  1  1  1]]
------------------------
before:
[[ 0 -1  0  1  1  0 -1]
 [ 0  1  0 -1 -1  0  1]
 [-1  1  0 -1  1  0 -1]
 [ 1  1  0 -1 -1  0  1]
 [-1 -1  0  1 -1  0 -1]
 [ 1  1 -1 -1  1  1  1]]
after:
[[ 0 -1  0  1  1  0 -1]
 [ 1  1  0 -1 -1  0  1]
 [-1  1  0 -1  1  0 -1]
 [ 1  1  0 -1 -1  0  1]
 [-1 -1  0  1 -1  0 -1]
 [ 1  1 -1 -1  1  1  1]]
------------------------
before:
[[-1 -1  0  1  1  0 -1]
 [ 1  1  0 -1 -1  0  1]
 [-1  1  0 -1  1  0 -1]
 [ 1  1  0 -1 -1  0  1]
 [-1 -1  0  1 -1  0 -1]
 [ 1  1 -1 -1  1  1  1]]
after:
[[-1 -1  0  1  1  0 -1]
 [ 1  1  0 -1 -1  0  1]
 [-1  1  0 -1  1  0 -1]
 [ 1  1  0 -1 -1  0  1]
 [-1 -1  0  1 -1  1 -1]
 [ 1  1 -1 -1  1  1  1]]
------------------------
before:
[[ 0  0  1  1  0  0  0]
 [ 0  0 -1 -1  0  0  0]
 [ 0  0 -1 -1  0  0  0]
 [ 0  0 -1 -1 -1  0  0]
 [ 0 -1  1  1 -1  0  0]
 [ 1  1  1 -1  1  1  1]]
after:
[[ 0  0  1  1  0  0  0]
 [ 0  0 -1 -1  0  0  0]
 [ 0  0 -1 -1  0  0  0]
 [ 0  1 -1 -1 -1  0  0]
 [ 0 -1  1  1 -1  0  0]
 [ 1  1  1 -1  1  1  1]]
------------------------
before:
[[ 0  0  1  1  0  0  0]
 [ 0  0 -1 -1  0  0  0]
 [ 0  0 -1 -1  0  0  0]
 [ 0  1 -1 -1 -1  0  0]
 [ 0 -1  1  1 -1  0  0]
 [ 1  1  1 -1  1  1  1]]
after:
[[ 0  0  1  1  0  0  0]
 [ 0  0 -1 -1  0  0  0]
 [ 0 -1 -1 -1  0  0  0]
 [ 0  1 -1 -1 -1  0  0]
 [ 0 -1  1  1 -1  0  0]
 [ 1  1  1 -1  1  1  1]]
------------------------
before:
[[ 0  0  1  1  0  0  0]
 [ 0  0 -1 -1  0  0  0]
 [ 0 -1 -1 -1  0  0  0]
 [ 0  1 -1 -1 -1  0  0]
 [ 0 -1  1  1 -1  0  0]
 [ 1  1  1 -1  1  1  1]]
after:
[[ 0  0  1  1  0  0  0]
 [ 0  1 -1 -1  0  0  0]
 [ 0 -1 -1 -1  0  0  0]
 [ 0  1 -1 -1 -1  0  0]
 [ 0 -1  1  1 -1  0  0]
 [ 1  1  1 -1  1  1  1]]
------------------------
before:
[[ 0  0  0 -1  0  0  0]
 [ 0  0  0 -1  0  0  0]
 [ 0 -1  0  1  1  0  0]
 [ 0  1  0 -1 -1  0 -1]
 [ 0 -1  0 -1  1  1  1]
 [ 1 -1  0 -1  1  1  1]]
after:
[[ 0  0  0 -1  0  0  0]
 [ 0  0  0 -1  0  0  0]
 [ 0 -1  0  1  1  0  1]
 [ 0  1  0 -1 -1  0 -1]
 [ 0 -1  0 -1  1  1  1]
 [ 1 -1  0 -1  1  1  1]]
------------------------
before:
[[ 0  0  0 -1  0  0  0]
 [ 0  0  0 -1  0  0  0]
 [ 0 -1  0  1  1 -1  0]
 [ 0  1  0 -1 -1  1 -1]
 [ 0 -1  0 -1  1  1  1]
 [ 1 -1  0 -1  1  1  1]]
after:
[[ 0  0  0 -1  0  0  0]
 [ 0  0  0 -1  1  0  0]
 [ 0 -1  0  1  1 -1  0]
 [ 0  1  0 -1 -1  1 -1]
 [ 0 -1  0 -1  1  1  1]
 [ 1 -1  0 -1  1  1  1]]
------------------------
before:
[[ 0  0  0 -1  0  0  0]
 [ 0  0  0 -1  1  0  0]
 [ 0 -1  0  1  1 -1  0]
 [ 0  1  0 -1 -1  1 -1]
 [ 0 -1  0 -1  1  1  1]
 [ 1 -1  0 -1  1  1  1]]
after:
[[ 0  0  0 -1 -1  0  0]
 [ 0  0  0 -1  1  0  0]
 [ 0 -1  0  1  1 -1  0]
 [ 0  1  0 -1 -1  1 -1]
 [ 0 -1  0 -1  1  1  1]
 [ 1 -1  0 -1  1  1  1]]
------------------------
before:
[[ 0  0  0 -1 -1  0  0]
 [ 0  0  0 -1  1  0  0]
 [ 0 -1  0  1  1 -1  0]
 [ 0  1  0 -1 -1  1 -1]
 [ 0 -1  0 -1  1  1  1]
 [ 1 -1  0 -1  1  1  1]]
after:
[[ 0  0  0 -1 -1  0  0]
 [ 0  0  0 -1  1  0  0]
 [ 0 -1  0  1  1 -1  1]
 [ 0  1  0 -1 -1  1 -1]
 [ 0 -1  0 -1  1  1  1]
 [ 1 -1  0 -1  1  1  1]]
------------------------
before:
[[ 0  0  0 -1 -1  0  0]
 [ 0  0  0 -1  1  0  0]
 [ 0 -1  0  1  1 -1  0]
 [ 0  1  0 -1 -1  1 -1]
 [ 0 -1 -1 -1  1  1  1]
 [ 1 -1  1 -1  1  1  1]]
after:
[[ 0  0  0 -1 -1  0  0]
 [ 0  0  0 -1  1  0  0]
 [ 0 -1  0  1  1 -1  1]
 [ 0  1  0 -1 -1  1 -1]
 [ 0 -1 -1 -1  1  1  1]
 [ 1 -1  1 -1  1  1  1]]
------------------------
before:
[[ 0  0  0 -1 -1  0  0]
 [ 0  0  0 -1  1  0  0]
 [ 0 -1  0  1  1 -1  0]
 [-1  1  0 -1 -1  1 -1]
 [ 1 -1 -1 -1  1  1  1]
 [ 1 -1  1 -1  1  1  1]]
after:
[[ 0  0  0 -1 -1  0  0]
 [ 0  0  0 -1  1  0  0]
 [ 1 -1  0  1  1 -1  0]
 [-1  1  0 -1 -1  1 -1]
 [ 1 -1 -1 -1  1  1  1]
 [ 1 -1  1 -1  1  1  1]]
------------------------
before:
[[ 0  0  0 -1 -1  0  0]
 [ 0  0  0 -1  1  0  0]
 [ 0 -1 -1  1  1 -1  0]
 [-1  1  1 -1 -1  1 -1]
 [ 1 -1 -1 -1  1  1  1]
 [ 1 -1  1 -1  1  1  1]]
after:
[[ 0  0  0 -1 -1  0  0]
 [ 0  0  1 -1  1  0  0]
 [ 0 -1 -1  1  1 -1  0]
 [-1  1  1 -1 -1  1 -1]
 [ 1 -1 -1 -1  1  1  1]
 [ 1 -1  1 -1  1  1  1]]
------------------------
before:
[[ 0  0 -1 -1 -1  0  0]
 [ 0  0  1 -1  1  0  0]
 [ 0 -1 -1  1  1 -1  0]
 [-1  1  1 -1 -1  1 -1]
 [ 1 -1 -1 -1  1  1  1]
 [ 1 -1  1 -1  1  1  1]]
after:
[[ 0  0 -1 -1 -1  0  0]
 [ 0  0  1 -1  1  0  0]
 [ 1 -1 -1  1  1 -1  0]
 [-1  1  1 -1 -1  1 -1]
 [ 1 -1 -1 -1  1  1  1]
 [ 1 -1  1 -1  1  1  1]]
------------------------
before:
[[ 0  0 -1 -1 -1  0  0]
 [-1  0  1 -1  1  0  0]
 [ 1 -1 -1  1  1 -1  0]
 [-1  1  1 -1 -1  1 -1]
 [ 1 -1 -1 -1  1  1  1]
 [ 1 -1  1 -1  1  1  1]]
after:
[[ 1  0 -1 -1 -1  0  0]
 [-1  0  1 -1  1  0  0]
 [ 1 -1 -1  1  1 -1  0]
 [-1  1  1 -1 -1  1 -1]
 [ 1 -1 -1 -1  1  1  1]
 [ 1 -1  1 -1  1  1  1]]
------------------------
before:
[[ 1  0 -1 -1 -1  0  0]
 [-1  0  1 -1  1  0  0]
 [ 1 -1 -1  1  1 -1 -1]
 [-1  1  1 -1 -1  1 -1]
 [ 1 -1 -1 -1  1  1  1]
 [ 1 -1  1 -1  1  1  1]]
after:
[[ 1  0 -1 -1 -1  0  0]
 [-1  0  1 -1  1  0  1]
 [ 1 -1 -1  1  1 -1 -1]
 [-1  1  1 -1 -1  1 -1]
 [ 1 -1 -1 -1  1  1  1]
 [ 1 -1  1 -1  1  1  1]]
------------------------
before:
[[ 1  0 -1 -1 -1  0 -1]
 [-1  0  1 -1  1  0  1]
 [ 1 -1 -1  1  1 -1 -1]
 [-1  1  1 -1 -1  1 -1]
 [ 1 -1 -1 -1  1  1  1]
 [ 1 -1  1 -1  1  1  1]]
after:
[[ 1  0 -1 -1 -1  0 -1]
 [-1  0  1 -1  1  1  1]
 [ 1 -1 -1  1  1 -1 -1]
 [-1  1  1 -1 -1  1 -1]
 [ 1 -1 -1 -1  1  1  1]
 [ 1 -1  1 -1  1  1  1]]
------------------------
before:
[[ 0  0  0  0  0  0  0]
 [ 0  1  0  1  0  0  0]
 [ 0 -1  0 -1  0  0 -1]
 [ 0  1  0 -1  0  0  1]
 [-1 -1 -1  1 -1  0  1]
 [ 1  1 -1  1  1 -1  1]]
after:
[[ 0  0  0  0  0  0  0]
 [ 0  1  0  1  0  0  0]
 [ 0 -1  0 -1  0  0 -1]
 [ 0  1  0 -1 -1  0  1]
 [-1 -1 -1  1 -1  0  1]
 [ 1  1 -1  1  1 -1  1]]
------------------------
before:
[[ 0  0  0  0  0  0  0]
 [ 0  1  0  1  0  0  0]
 [ 0 -1  0 -1  0  0 -1]
 [ 0  1  0 -1 -1  0  1]
 [-1 -1 -1  1 -1  0  1]
 [ 1  1 -1  1  1 -1  1]]
after:
[[ 0  0  0  0  0  0  0]
 [ 0  1  0  1  0  0  0]
 [ 0 -1  0 -1  1  0 -1]
 [ 0  1  0 -1 -1  0  1]
 [-1 -1 -1  1 -1  0  1]
 [ 1  1 -1  1  1 -1  1]]
------------------------
before:
[[ 0 -1  0  1  0  0  0]
 [ 0  1  0  1  0  0  0]
 [ 0 -1  0 -1  0  0 -1]
 [ 0  1  0 -1 -1  0  1]
 [-1 -1 -1  1 -1  0  1]
 [ 1  1 -1  1  1 -1  1]]
after:
[[ 0 -1  0  1  0  0  0]
 [ 0  1  0  1  0  0  0]
 [ 0 -1  0 -1  1  0 -1]
 [ 0  1  0 -1 -1  0  1]
 [-1 -1 -1  1 -1  0  1]
 [ 1  1 -1  1  1 -1  1]]
------------------------
before:
[[ 0 -1  0  1  0  0  0]
 [ 0  1  0  1 -1  0  0]
 [ 0 -1  0 -1  1  0 -1]
 [ 0  1  0 -1 -1  0  1]
 [-1 -1 -1  1 -1  0  1]
 [ 1  1 -1  1  1 -1  1]]
after:
[[ 0 -1  0  1  0  0  0]
 [ 0  1  0  1 -1  0  0]
 [ 0 -1  0 -1  1  0 -1]
 [ 0  1  1 -1 -1  0  1]
 [-1 -1 -1  1 -1  0  1]
 [ 1  1 -1  1  1 -1  1]]
------------------------
before:
[[ 0 -1  0  1  0  0  0]
 [ 0  1  0  1 -1  0  0]
 [ 0 -1  0 -1  1  0 -1]
 [ 1  1  0 -1 -1  0  1]
 [-1 -1 -1  1 -1  0  1]
 [ 1  1 -1  1  1 -1  1]]
after:
[[ 0 -1  0  1  0  0  0]
 [ 0  1  0  1 -1  0  0]
 [-1 -1  0 -1  1  0 -1]
 [ 1  1  0 -1 -1  0  1]
 [-1 -1 -1  1 -1  0  1]
 [ 1  1 -1  1  1 -1  1]]
------------------------
before:
[[ 0 -1  0  1  0  0  0]
 [ 0  1  0  1 -1  0  0]
 [-1 -1  0 -1  1  0 -1]
 [ 1  1  0 -1 -1  0  1]
 [-1 -1 -1  1 -1  0  1]
 [ 1  1 -1  1  1 -1  1]]
after:
[[ 0 -1  0  1  0  0  0]
 [ 0  1  0  1 -1  0  1]
 [-1 -1  0 -1  1  0 -1]
 [ 1  1  0 -1 -1  0  1]
 [-1 -1 -1  1 -1  0  1]
 [ 1  1 -1  1  1 -1  1]]
------------------------
before:
[[ 0 -1  0  1  0  0  0]
 [ 1  1  0  1 -1  0  0]
 [-1 -1  0 -1  1  0 -1]
 [ 1  1  0 -1 -1  0  1]
 [-1 -1 -1  1 -1  0  1]
 [ 1  1 -1  1  1 -1  1]]
after:
[[-1 -1  0  1  0  0  0]
 [ 1  1  0  1 -1  0  0]
 [-1 -1  0 -1  1  0 -1]
 [ 1  1  0 -1 -1  0  1]
 [-1 -1 -1  1 -1  0  1]
 [ 1  1 -1  1  1 -1  1]]
------------------------
before:
[[-1 -1  0  1  0  0  0]
 [ 1  1  0  1 -1  0  0]
 [-1 -1  0 -1  1  0 -1]
 [ 1  1  0 -1 -1  0  1]
 [-1 -1 -1  1 -1  0  1]
 [ 1  1 -1  1  1 -1  1]]
after:
[[-1 -1  0  1  0  0  0]
 [ 1  1  0  1 -1  0  1]
 [-1 -1  0 -1  1  0 -1]
 [ 1  1  0 -1 -1  0  1]
 [-1 -1 -1  1 -1  0  1]
 [ 1  1 -1  1  1 -1  1]]
------------------------
before:
[[-1 -1  0  1  0  0  0]
 [ 1  1  0  1 -1  0  1]
 [-1 -1  0 -1  1  0 -1]
 [ 1  1  0 -1 -1  0  1]
 [-1 -1 -1  1 -1  0  1]
 [ 1  1 -1  1  1 -1  1]]
after:
[[-1 -1  0  1  0  0 -1]
 [ 1  1  0  1 -1  0  1]
 [-1 -1  0 -1  1  0 -1]
 [ 1  1  0 -1 -1  0  1]
 [-1 -1 -1  1 -1  0  1]
 [ 1  1 -1  1  1 -1  1]]
------------------------
before:
[[-1 -1  0  1  0  0 -1]
 [ 1  1  0  1 -1  0  1]
 [-1 -1  0 -1  1  0 -1]
 [ 1  1  0 -1 -1  0  1]
 [-1 -1 -1  1 -1  0  1]
 [ 1  1 -1  1  1 -1  1]]
after:
[[-1 -1  0  1  1  0 -1]
 [ 1  1  0  1 -1  0  1]
 [-1 -1  0 -1  1  0 -1]
 [ 1  1  0 -1 -1  0  1]
 [-1 -1 -1  1 -1  0  1]
 [ 1  1 -1  1  1 -1  1]]
------------------------
before:
[[-1 -1  0  1  0  0 -1]
 [ 1  1  0  1 -1  0  1]
 [-1 -1  0 -1  1  0 -1]
 [ 1  1  0 -1 -1  0  1]
 [-1 -1 -1  1 -1  1  1]
 [ 1  1 -1  1  1 -1  1]]
after:
[[-1 -1  0  1  0  0 -1]
 [ 1  1  0  1 -1  0  1]
 [-1 -1  0 -1  1  0 -1]
 [ 1  1  0 -1 -1 -1  1]
 [-1 -1 -1  1 -1  1  1]
 [ 1  1 -1  1  1 -1  1]]
------------------------
before:
[[-1 -1  0  1  0  0 -1]
 [ 1  1  0  1 -1  0  1]
 [-1 -1  0 -1  1  0 -1]
 [ 1  1  0 -1 -1 -1  1]
 [-1 -1 -1  1 -1  1  1]
 [ 1  1 -1  1  1 -1  1]]
after:
[[-1 -1  0  1  0  0 -1]
 [ 1  1  0  1 -1  0  1]
 [-1 -1  0 -1  1  0 -1]
 [ 1  1  1 -1 -1 -1  1]
 [-1 -1 -1  1 -1  1  1]
 [ 1  1 -1  1  1 -1  1]]
------------------------
before:
[[ 0  0  0  0  0  0  0]
 [ 0  0  0 -1 -1  0  0]
 [ 0  1  0  1  1 -1 -1]
 [ 0 -1  0 -1 -1  1  1]
 [ 0 -1  0  1  1 -1  1]
 [-1  1  1 -1 -1  1  1]]
after:
[[ 0  0  0  0  0  0  0]
 [ 0  0  0 -1 -1  1  0]
 [ 0  1  0  1  1 -1 -1]
 [ 0 -1  0 -1 -1  1  1]
 [ 0 -1  0  1  1 -1  1]
 [-1  1  1 -1 -1  1  1]]
------------------------
before:
[[ 0  0  0  0  0  0  0]
 [ 0  1  0 -1 -1  0  0]
 [ 0  1  0  1  1 -1 -1]
 [ 0 -1  0 -1 -1  1  1]
 [ 0 -1  0  1  1 -1  1]
 [-1  1  1 -1 -1  1  1]]
after:
[[ 0  0  0  0  0  0  0]
 [ 0  1  0 -1 -1 -1  0]
 [ 0  1  0  1  1 -1 -1]
 [ 0 -1  0 -1 -1  1  1]
 [ 0 -1  0  1  1 -1  1]
 [-1  1  1 -1 -1  1  1]]
------------------------
before:
[[ 0  0  0  0  0  0  0]
 [ 0  1  0 -1 -1 -1  0]
 [ 0  1  0  1  1 -1 -1]
 [ 0 -1  0 -1 -1  1  1]
 [ 0 -1  0  1  1 -1  1]
 [-1  1  1 -1 -1  1  1]]
after:
[[ 0  0  0  0  0  0  0]
 [ 0  1  0 -1 -1 -1  1]
 [ 0  1  0  1  1 -1 -1]
 [ 0 -1  0 -1 -1  1  1]
 [ 0 -1  0  1  1 -1  1]
 [-1  1  1 -1 -1  1  1]]
------------------------
before:
[[ 0  0  0  0 -1  0  0]
 [ 0  1  0 -1 -1 -1  1]
 [ 0  1  0  1  1 -1 -1]
 [ 0 -1  0 -1 -1  1  1]
 [ 0 -1  0  1  1 -1  1]
 [-1  1  1 -1 -1  1  1]]
after:
[[ 0  0  0  0 -1  0  0]
 [ 0  1  0 -1 -1 -1  1]
 [ 0  1  0  1  1 -1 -1]
 [ 0 -1  0 -1 -1  1  1]
 [ 1 -1  0  1  1 -1  1]
 [-1  1  1 -1 -1  1  1]]
------------------------
before:
[[ 0  0  0  0 -1  0 -1]
 [ 0  1  0 -1 -1 -1  1]
 [ 0  1  0  1  1 -1 -1]
 [ 0 -1  0 -1 -1  1  1]
 [ 1 -1  0  1  1 -1  1]
 [-1  1  1 -1 -1  1  1]]
after:
[[ 0  0  0  0 -1  1 -1]
 [ 0  1  0 -1 -1 -1  1]
 [ 0  1  0  1  1 -1 -1]
 [ 0 -1  0 -1 -1  1  1]
 [ 1 -1  0  1  1 -1  1]
 [-1  1  1 -1 -1  1  1]]
------------------------
before:
[[ 0  0  0  0 -1  0 -1]
 [ 0  1  0 -1 -1 -1  1]
 [-1  1  0  1  1 -1 -1]
 [ 1 -1  0 -1 -1  1  1]
 [ 1 -1  0  1  1 -1  1]
 [-1  1  1 -1 -1  1  1]]
after:
[[ 0  0  0  0 -1  0 -1]
 [ 1  1  0 -1 -1 -1  1]
 [-1  1  0  1  1 -1 -1]
 [ 1 -1  0 -1 -1  1  1]
 [ 1 -1  0  1  1 -1  1]
 [-1  1  1 -1 -1  1  1]]
------------------------
before:
[[ 0  0  0  0 -1  0 -1]
 [ 1  1  0 -1 -1 -1  1]
 [-1  1  0  1  1 -1 -1]
 [ 1 -1  0 -1 -1  1  1]
 [ 1 -1  0  1  1 -1  1]
 [-1  1  1 -1 -1  1  1]]
after:
[[-1  0  0  0 -1  0 -1]
 [ 1  1  0 -1 -1 -1  1]
 [-1  1  0  1  1 -1 -1]
 [ 1 -1  0 -1 -1  1  1]
 [ 1 -1  0  1  1 -1  1]
 [-1  1  1 -1 -1  1  1]]
------------------------
before:
[[-1  0  0  0 -1  0 -1]
 [ 1  1  0 -1 -1 -1  1]
 [-1  1  0  1  1 -1 -1]
 [ 1 -1  0 -1 -1  1  1]
 [ 1 -1  0  1  1 -1  1]
 [-1  1  1 -1 -1  1  1]]
after:
[[-1  0  0  0 -1  1 -1]
 [ 1  1  0 -1 -1 -1  1]
 [-1  1  0  1  1 -1 -1]
 [ 1 -1  0 -1 -1  1  1]
 [ 1 -1  0  1  1 -1  1]
 [-1  1  1 -1 -1  1  1]]
------------------------
before:
[[ 0  0  0  0  0  0  0]
 [ 0  0  0  1 -1  1  0]
 [ 0  0  0 -1 -1 -1  0]
 [ 0  0 -1 -1 -1  1  0]
 [ 0  0 -1  1  1 -1  0]
 [ 0  1  1 -1  1  1  1]]
after:
[[ 0  0  0  0  1  0  0]
 [ 0  0  0  1 -1  1  0]
 [ 0  0  0 -1 -1 -1  0]
 [ 0  0 -1 -1 -1  1  0]
 [ 0  0 -1  1  1 -1  0]
 [ 0  1  1 -1  1  1  1]]
------------------------
before:
[[ 0  0  0  0  0  0  0]
 [ 0  1  0  1  0  0  0]
 [ 0  1  0  1  0  0  0]
 [ 0 -1 -1 -1  0 -1  0]
 [ 0 -1  1 -1  0 -1 -1]
 [-1  1  1 -1  1  1  1]]
after:
[[ 0  0  0  0  0  0  0]
 [ 0  1  0  1  0  0  0]
 [ 0  1  0  1  0  1  0]
 [ 0 -1 -1 -1  0 -1  0]
 [ 0 -1  1 -1  0 -1 -1]
 [-1  1  1 -1  1  1  1]]
------------------------
before:
[[ 0  0  0 -1  0  0  0]
 [ 0  1  0  1  0  0  0]
 [ 0  1  0  1  0  1  0]
 [ 0 -1 -1 -1  0 -1  0]
 [ 0 -1  1 -1  0 -1 -1]
 [-1  1  1 -1  1  1  1]]
after:
[[ 0  1  0 -1  0  0  0]
 [ 0  1  0  1  0  0  0]
 [ 0  1  0  1  0  1  0]
 [ 0 -1 -1 -1  0 -1  0]
 [ 0 -1  1 -1  0 -1 -1]
 [-1  1  1 -1  1  1  1]]
------------------------
before:
[[ 0  0 -1  0  0  0  0]
 [ 0  0  1  1  0  0  0]
 [ 0  0  1 -1  1  0  0]
 [ 0  0  1 -1 -1 -1  0]
 [ 0  0 -1  1 -1  1  0]
 [ 0  1  1 -1  1 -1 -1]]
after:
[[ 0  0 -1  0  0  0  0]
 [ 0  0  1  1  1  0  0]
 [ 0  0  1 -1  1  0  0]
 [ 0  0  1 -1 -1 -1  0]
 [ 0  0 -1  1 -1  1  0]
 [ 0  1  1 -1  1 -1 -1]]
------------------------
before:
[[ 0  0 -1  0  0  0  0]
 [ 0  0  1  1  0  0  0]
 [ 0  0  1 -1  1  0  0]
 [ 0  0  1 -1 -1 -1  0]
 [ 0  1 -1  1 -1  1 -1]
 [ 0  1  1 -1  1 -1 -1]]
after:
[[ 0  0 -1  0  0  0  0]
 [ 0  0  1  1  0  0  0]
 [ 0  0  1 -1  1  0  0]
 [ 0  0  1 -1 -1 -1  1]
 [ 0  1 -1  1 -1  1 -1]
 [ 0  1  1 -1  1 -1 -1]]
------------------------
before:
[[ 0  0 -1  0  0  0  0]
 [ 0  0  1  1  0  0  0]
 [ 0  0  1 -1  1  0  0]
 [ 0  1  1 -1 -1 -1  0]
 [ 0  1 -1  1 -1  1 -1]
 [ 0  1  1 -1  1 -1 -1]]
after:
[[ 0  0 -1  0  0  0  0]
 [ 0  0  1  1  0  0  0]
 [ 0 -1  1 -1  1  0  0]
 [ 0  1  1 -1 -1 -1  0]
 [ 0  1 -1  1 -1  1 -1]
 [ 0  1  1 -1  1 -1 -1]]
------------------------
before:
[[ 0  0 -1  0  0  0  0]
 [ 0  0  1  1  0  0  0]
 [ 0 -1  1 -1  1  0  0]
 [ 0  1  1 -1 -1 -1  0]
 [ 0  1 -1  1 -1  1 -1]
 [ 0  1  1 -1  1 -1 -1]]
after:
[[ 0  0 -1  0  0  0  0]
 [ 0  0  1  1  0  0  0]
 [ 0 -1  1 -1  1  0  0]
 [ 0  1  1 -1 -1 -1  1]
 [ 0  1 -1  1 -1  1 -1]
 [ 0  1  1 -1  1 -1 -1]]
------------------------
before:
[[ 0  0  1  0  0  0  0]
 [ 0 -1 -1  0  0  0  0]
 [ 0 -1 -1  1  0  0  0]
 [ 0  1 -1 -1  0  0  0]
 [ 1 -1  1 -1  0  0  0]
 [ 1  1 -1  1  1  1 -1]]
after:
[[ 0  0  1  0  0  0  0]
 [ 0 -1 -1  1  0  0  0]
 [ 0 -1 -1  1  0  0  0]
 [ 0  1 -1 -1  0  0  0]
 [ 1 -1  1 -1  0  0  0]
 [ 1  1 -1  1  1  1 -1]]
------------------------
before:
[[ 0  0  1  0  0  0  0]
 [ 0 -1 -1  0  0  0  0]
 [ 0 -1 -1  1  0  0  0]
 [ 0  1 -1 -1 -1  0  0]
 [ 1 -1  1 -1  1  0  0]
 [ 1  1 -1  1  1  1 -1]]
after:
[[ 0  0  1  0  0  0  0]
 [ 0 -1 -1  1  0  0  0]
 [ 0 -1 -1  1  0  0  0]
 [ 0  1 -1 -1 -1  0  0]
 [ 1 -1  1 -1  1  0  0]
 [ 1  1 -1  1  1  1 -1]]
------------------------
before:
[[ 0  1  1  0  0  0  0]
 [ 0 -1 -1 -1  0  0  0]
 [ 0 -1 -1  1  0  0  0]
 [ 0  1 -1 -1 -1  0  0]
 [ 1 -1  1 -1  1  0  0]
 [ 1  1 -1  1  1  1 -1]]
after:
[[ 0  1  1  1  0  0  0]
 [ 0 -1 -1 -1  0  0  0]
 [ 0 -1 -1  1  0  0  0]
 [ 0  1 -1 -1 -1  0  0]
 [ 1 -1  1 -1  1  0  0]
 [ 1  1 -1  1  1  1 -1]]
------------------------
before:
[[ 0  1  1 -1  0  0  0]
 [ 0 -1 -1 -1  0  0  0]
 [ 0 -1 -1  1  0  0  0]
 [ 0  1 -1 -1 -1  0  0]
 [ 1 -1  1 -1  1  0  1]
 [ 1  1 -1  1  1  1 -1]]
after:
[[ 0  1  1 -1  0  0  0]
 [ 0 -1 -1 -1  0  0  0]
 [ 0 -1 -1  1  1  0  0]
 [ 0  1 -1 -1 -1  0  0]
 [ 1 -1  1 -1  1  0  1]
 [ 1  1 -1  1  1  1 -1]]
------------------------
before:
[[ 0  1  1 -1  0  0  0]
 [ 0 -1 -1 -1  0  0  0]
 [-1 -1 -1  1  0  0  0]
 [ 1  1 -1 -1 -1  0  0]
 [ 1 -1  1 -1  1  0  1]
 [ 1  1 -1  1  1  1 -1]]
after:
[[ 0  1  1 -1  0  0  0]
 [ 1 -1 -1 -1  0  0  0]
 [-1 -1 -1  1  0  0  0]
 [ 1  1 -1 -1 -1  0  0]
 [ 1 -1  1 -1  1  0  1]
 [ 1  1 -1  1  1  1 -1]]
------------------------
before:
[[ 0  0 -1  1  0  0  0]
 [ 0  0  1 -1  0  0  0]
 [ 0 -1 -1 -1  0 -1  0]
 [ 0  1  1 -1  0  1  0]
 [-1 -1 -1  1  0 -1  0]
 [ 1  1  1 -1  1  1  1]]
after:
[[ 0  0 -1  1  0  0  0]
 [ 0  0  1 -1  0  1  0]
 [ 0 -1 -1 -1  0 -1  0]
 [ 0  1  1 -1  0  1  0]
 [-1 -1 -1  1  0 -1  0]
 [ 1  1  1 -1  1  1  1]]
------------------------
before:
[[ 0 -1 -1  1  0  0  0]
 [ 0  1  1 -1  0  0  0]
 [ 0 -1 -1 -1  0 -1  0]
 [ 0  1  1 -1  0  1  0]
 [-1 -1 -1  1  0 -1  0]
 [ 1  1  1 -1  1  1  1]]
after:
[[ 0 -1 -1  1  0  0  0]
 [ 0  1  1 -1  0  1  0]
 [ 0 -1 -1 -1  0 -1  0]
 [ 0  1  1 -1  0  1  0]
 [-1 -1 -1  1  0 -1  0]
 [ 1  1  1 -1  1  1  1]]
------------------------
before:
[[ 0 -1 -1  1  0  0  0]
 [ 0  1  1 -1  0 -1  0]
 [ 0 -1 -1 -1  0 -1  0]
 [ 0  1  1 -1  0  1  0]
 [-1 -1 -1  1  1 -1  0]
 [ 1  1  1 -1  1  1  1]]
after:
[[ 0 -1 -1  1  0  1  0]
 [ 0  1  1 -1  0 -1  0]
 [ 0 -1 -1 -1  0 -1  0]
 [ 0  1  1 -1  0  1  0]
 [-1 -1 -1  1  1 -1  0]
 [ 1  1  1 -1  1  1  1]]
------------------------
before:
[[ 0 -1 -1  1  0 -1  0]
 [ 0  1  1 -1  0 -1  0]
 [ 0 -1 -1 -1  0 -1  0]
 [ 0  1  1 -1  0  1  0]
 [-1 -1 -1  1  1 -1  1]
 [ 1  1  1 -1  1  1  1]]
after:
[[ 0 -1 -1  1  0 -1  0]
 [ 0  1  1 -1  0 -1  0]
 [ 0 -1 -1 -1  0 -1  0]
 [ 0  1  1 -1  0  1  1]
 [-1 -1 -1  1  1 -1  1]
 [ 1  1  1 -1  1  1  1]]
------------------------
before:
[[ 0 -1 -1  1  0 -1  0]
 [ 0  1  1 -1  0 -1  0]
 [ 0 -1 -1 -1  0 -1 -1]
 [ 0  1  1 -1  0  1  1]
 [-1 -1 -1  1  1 -1  1]
 [ 1  1  1 -1  1  1  1]]
after:
[[ 0 -1 -1  1  0 -1  0]
 [ 0  1  1 -1  0 -1  1]
 [ 0 -1 -1 -1  0 -1 -1]
 [ 0  1  1 -1  0  1  1]
 [-1 -1 -1  1  1 -1  1]
 [ 1  1  1 -1  1  1  1]]
------------------------
before:
[[ 0 -1 -1  1  0 -1  0]
 [ 0  1  1 -1  0 -1  1]
 [ 0 -1 -1 -1  0 -1 -1]
 [ 0  1  1 -1  0  1  1]
 [-1 -1 -1  1  1 -1  1]
 [ 1  1  1 -1  1  1  1]]
after:
[[ 0 -1 -1  1  0 -1 -1]
 [ 0  1  1 -1  0 -1  1]
 [ 0 -1 -1 -1  0 -1 -1]
 [ 0  1  1 -1  0  1  1]
 [-1 -1 -1  1  1 -1  1]
 [ 1  1  1 -1  1  1  1]]
------------------------
before:
[[ 0  0  0  0  0  0  0]
 [ 0  0  0 -1 -1  0  0]
 [ 0  1  0  1  1  0  0]
 [ 0 -1  0 -1 -1  0 -1]
 [ 0  1  0 -1  1  0  1]
 [-1  1  1 -1  1 -1  1]]
after:
[[ 0  0  0  1  0  0  0]
 [ 0  0  0 -1 -1  0  0]
 [ 0  1  0  1  1  0  0]
 [ 0 -1  0 -1 -1  0 -1]
 [ 0  1  0 -1  1  0  1]
 [-1  1  1 -1  1 -1  1]]
------------------------
before:
[[ 0  0  0 -1  0  0  0]
 [ 0  0  0 -1 -1  0  0]
 [ 0  1  0  1  1  0  0]
 [ 0 -1  0 -1 -1  0 -1]
 [ 1  1  0 -1  1  0  1]
 [-1  1  1 -1  1 -1  1]]
after:
[[ 0  0  0 -1  1  0  0]
 [ 0  0  0 -1 -1  0  0]
 [ 0  1  0  1  1  0  0]
 [ 0 -1  0 -1 -1  0 -1]
 [ 1  1  0 -1  1  0  1]
 [-1  1  1 -1  1 -1  1]]
------------------------
before:
[[ 0  0  0 -1  1  0  0]
 [ 0  0  0 -1 -1  0  0]
 [ 0  1  0  1  1  0  0]
 [-1 -1  0 -1 -1  0 -1]
 [ 1  1  0 -1  1  0  1]
 [-1  1  1 -1  1 -1  1]]
after:
[[ 0  0  0 -1  1  0  0]
 [ 0  0  0 -1 -1  0  0]
 [ 1  1  0  1  1  0  0]
 [-1 -1  0 -1 -1  0 -1]
 [ 1  1  0 -1  1  0  1]
 [-1  1  1 -1  1 -1  1]]
------------------------
before:
[[ 0  0  0 -1  1  0  0]
 [-1  0  0 -1 -1  0  0]
 [ 1  1  0  1  1  0  0]
 [-1 -1  0 -1 -1  0 -1]
 [ 1  1  0 -1  1  0  1]
 [-1  1  1 -1  1 -1  1]]
after:
[[ 1  0  0 -1  1  0  0]
 [-1  0  0 -1 -1  0  0]
 [ 1  1  0  1  1  0  0]
 [-1 -1  0 -1 -1  0 -1]
 [ 1  1  0 -1  1  0  1]
 [-1  1  1 -1  1 -1  1]]
------------------------
before:
[[ 1  0  0 -1  1  0  0]
 [-1  0  0 -1 -1  0  0]
 [ 1  1  0  1  1  0  0]
 [-1 -1  0 -1 -1  0 -1]
 [ 1  1  0 -1  1 -1  1]
 [-1  1  1 -1  1 -1  1]]
after:
[[ 1  0  0 -1  1  0  0]
 [-1  0  0 -1 -1  0  0]
 [ 1  1  0  1  1  0  0]
 [-1 -1  0 -1 -1  1 -1]
 [ 1  1  0 -1  1 -1  1]
 [-1  1  1 -1  1 -1  1]]
------------------------
before:
[[ 0  0  1 -1  0  0  0]
 [ 0  0 -1  1  0  0  0]
 [ 0  0 -1 -1  0 -1  0]
 [-1  0 -1  1  0  1  0]
 [ 1  0  1 -1  0 -1  0]
 [ 1  0  1 -1  0  1  1]]
after:
[[ 0  0  1 -1  0  0  0]
 [ 0  0 -1  1  0  0  0]
 [ 1  0 -1 -1  0 -1  0]
 [-1  0 -1  1  0  1  0]
 [ 1  0  1 -1  0 -1  0]
 [ 1  0  1 -1  0  1  1]]
------------------------
before:
[[ 0  0  1 -1  0  0  0]
 [ 0  0 -1  1  0  0  0]
 [ 0  0 -1 -1  0 -1  0]
 [-1  0 -1  1  0  1 -1]
 [ 1  0  1 -1  0 -1  1]
 [ 1  0  1 -1  0  1  1]]
after:
[[ 0  0  1 -1  0  0  0]
 [ 0  0 -1  1  0  0  0]
 [ 0  0 -1 -1  0 -1  1]
 [-1  0 -1  1  0  1 -1]
 [ 1  0  1 -1  0 -1  1]
 [ 1  0  1 -1  0  1  1]]
------------------------
before:
[[ 0  0  1 -1  0 -1  0]
 [ 0  0 -1  1  0  1  0]
 [ 0  0 -1 -1  0 -1  0]
 [-1  0 -1  1  0  1 -1]
 [ 1  0  1 -1  0 -1  1]
 [ 1  0  1 -1  0  1  1]]
after:
[[ 0  0  1 -1  0 -1  0]
 [ 0  0 -1  1  0  1  0]
 [ 0  0 -1 -1  0 -1  1]
 [-1  0 -1  1  0  1 -1]
 [ 1  0  1 -1  0 -1  1]
 [ 1  0  1 -1  0  1  1]]
------------------------
before:
[[ 0  0  1 -1  0 -1  0]
 [ 0  0 -1  1  0  1  0]
 [ 0  0 -1 -1  0 -1  0]
 [-1  0 -1  1  0  1 -1]
 [ 1 -1  1 -1  0 -1  1]
 [ 1  1  1 -1  0  1  1]]
after:
[[ 0  0  1 -1  0 -1  0]
 [ 0  0 -1  1  0  1  0]
 [ 0  0 -1 -1  0 -1  1]
 [-1  0 -1  1  0  1 -1]
 [ 1 -1  1 -1  0 -1  1]
 [ 1  1  1 -1  0  1  1]]
------------------------
before:
[[ 0  0  1 -1  0 -1  0]
 [ 0  0 -1  1  0  1  0]
 [ 0  0 -1 -1  0 -1  1]
 [-1  0 -1  1  0  1 -1]
 [ 1 -1  1 -1  0 -1  1]
 [ 1  1  1 -1  0  1  1]]
after:
[[ 0  0  1 -1  0 -1  0]
 [ 0  0 -1  1  0  1 -1]
 [ 0  0 -1 -1  0 -1  1]
 [-1  0 -1  1  0  1 -1]
 [ 1 -1  1 -1  0 -1  1]
 [ 1  1  1 -1  0  1  1]]
------------------------
before:
[[ 0  0  1 -1  0 -1  0]
 [ 0  0 -1  1  0  1 -1]
 [ 0  0 -1 -1  0 -1  1]
 [-1  0 -1  1  0  1 -1]
 [ 1 -1  1 -1  0 -1  1]
 [ 1  1  1 -1  0  1  1]]
after:
[[ 0  0  1 -1  0 -1  1]
 [ 0  0 -1  1  0  1 -1]
 [ 0  0 -1 -1  0 -1  1]
 [-1  0 -1  1  0  1 -1]
 [ 1 -1  1 -1  0 -1  1]
 [ 1  1  1 -1  0  1  1]]
------------------------
before:
[[ 0  0  1 -1  0 -1  1]
 [ 0  0 -1  1  0  1 -1]
 [-1  0 -1 -1  0 -1  1]
 [-1  0 -1  1  0  1 -1]
 [ 1 -1  1 -1  0 -1  1]
 [ 1  1  1 -1  0  1  1]]
after:
[[ 0  0  1 -1  0 -1  1]
 [ 1  0 -1  1  0  1 -1]
 [-1  0 -1 -1  0 -1  1]
 [-1  0 -1  1  0  1 -1]
 [ 1 -1  1 -1  0 -1  1]
 [ 1  1  1 -1  0  1  1]]
------------------------
before:
[[-1  0  1 -1  0 -1  1]
 [ 1  0 -1  1  0  1 -1]
 [-1  0 -1 -1  0 -1  1]
 [-1  0 -1  1  0  1 -1]
 [ 1 -1  1 -1  0 -1  1]
 [ 1  1  1 -1  0  1  1]]
after:
[[-1  0  1 -1  0 -1  1]
 [ 1  0 -1  1  0  1 -1]
 [-1  0 -1 -1  0 -1  1]
 [-1  0 -1  1  0  1 -1]
 [ 1 -1  1 -1  0 -1  1]
 [ 1  1  1 -1  1  1  1]]
------------------------
before:
[[-1  0  1 -1  0 -1  1]
 [ 1  0 -1  1  0  1 -1]
 [-1  0 -1 -1  0 -1  1]
 [-1  0 -1  1  0  1 -1]
 [ 1 -1  1 -1  0 -1  1]
 [ 1  1  1 -1  1  1  1]]
after:
[[-1  0  1 -1  0 -1  1]
 [ 1  0 -1  1  0  1 -1]
 [-1  0 -1 -1  0 -1  1]
 [-1  0 -1  1  0  1 -1]
 [ 1 -1  1 -1 -1 -1  1]
 [ 1  1  1 -1  1  1  1]]
------------------------
before:
[[-1  0  1 -1  0 -1  1]
 [ 1  0 -1  1  0  1 -1]
 [-1  0 -1 -1  0 -1  1]
 [-1  0 -1  1  0  1 -1]
 [ 1 -1  1 -1 -1 -1  1]
 [ 1  1  1 -1  1  1  1]]
after:
[[-1  0  1 -1  0 -1  1]
 [ 1  0 -1  1  0  1 -1]
 [-1  0 -1 -1  0 -1  1]
 [-1  0 -1  1  1  1 -1]
 [ 1 -1  1 -1 -1 -1  1]
 [ 1  1  1 -1  1  1  1]]
------------------------
before:
[[ 0 -1 -1 -1  0  0  0]
 [ 0  1  1 -1  0  0  0]
 [ 0  1 -1 -1  0  0  0]
 [ 0  1  1  1  0  0  0]
 [ 0 -1 -1 -1  0  0  0]
 [ 0  1  1 -1  0  1  1]]
after:
[[ 0 -1 -1 -1  0  0  0]
 [ 0  1  1 -1  0  0  0]
 [ 0  1 -1 -1  0  0  0]
 [ 0  1  1  1  0  0  0]
 [ 0 -1 -1 -1  0  0  1]
 [ 0  1  1 -1  0  1  1]]
------------------------
before:
[[ 0 -1 -1 -1  0  0  0]
 [ 0  1  1 -1  0  0  0]
 [ 0  1 -1 -1  0  0  0]
 [ 0  1  1  1  0  0 -1]
 [ 0 -1 -1 -1  0  0  1]
 [ 0  1  1 -1  0  1  1]]
after:
[[ 0 -1 -1 -1  0  0  0]
 [ 0  1  1 -1  0  0  0]
 [ 0  1 -1 -1  0  0  1]
 [ 0  1  1  1  0  0 -1]
 [ 0 -1 -1 -1  0  0  1]
 [ 0  1  1 -1  0  1  1]]
------------------------
before:
[[ 0 -1 -1 -1  0  0  0]
 [ 0  1  1 -1  0  0 -1]
 [ 0  1 -1 -1  0  0  1]
 [ 0  1  1  1  0  0 -1]
 [ 0 -1 -1 -1  0  0  1]
 [ 0  1  1 -1  0  1  1]]
after:
[[ 0 -1 -1 -1  0  0  1]
 [ 0  1  1 -1  0  0 -1]
 [ 0  1 -1 -1  0  0  1]
 [ 0  1  1  1  0  0 -1]
 [ 0 -1 -1 -1  0  0  1]
 [ 0  1  1 -1  0  1  1]]
------------------------
before:
[[ 0 -1 -1 -1  0  0  0]
 [ 0  1  1 -1  0  0 -1]
 [ 0  1 -1 -1  0  0  1]
 [ 0  1  1  1  0 -1 -1]
 [ 0 -1 -1 -1  0  1  1]
 [ 0  1  1 -1  0  1  1]]
after:
[[ 0 -1 -1 -1  0  0  1]
 [ 0  1  1 -1  0  0 -1]
 [ 0  1 -1 -1  0  0  1]
 [ 0  1  1  1  0 -1 -1]
 [ 0 -1 -1 -1  0  1  1]
 [ 0  1  1 -1  0  1  1]]
------------------------
before:
[[ 0 -1 -1 -1  0  0  0]
 [ 0  1  1 -1  0 -1 -1]
 [ 0  1 -1 -1  0  1  1]
 [ 0  1  1  1  0 -1 -1]
 [ 0 -1 -1 -1  0  1  1]
 [ 0  1  1 -1  0  1  1]]
after:
[[ 0 -1 -1 -1  0  0  1]
 [ 0  1  1 -1  0 -1 -1]
 [ 0  1 -1 -1  0  1  1]
 [ 0  1  1  1  0 -1 -1]
 [ 0 -1 -1 -1  0  1  1]
 [ 0  1  1 -1  0  1  1]]
------------------------
before:
[[ 0 -1 -1 -1  0  1 -1]
 [ 0  1  1 -1  0 -1 -1]
 [ 0  1 -1 -1  0  1  1]
 [ 0  1  1  1  0 -1 -1]
 [ 0 -1 -1 -1  0  1  1]
 [ 0  1  1 -1  0  1  1]]
after:
[[ 0 -1 -1 -1  0  1 -1]
 [ 0  1  1 -1  0 -1 -1]
 [ 0  1 -1 -1  0  1  1]
 [ 0  1  1  1  0 -1 -1]
 [ 0 -1 -1 -1  0  1  1]
 [ 0  1  1 -1  1  1  1]]
------------------------
before:
[[ 0  0  0  1  0  0  0]
 [ 0  0  0 -1 -1  0  0]
 [-1 -1  0 -1  1  0  0]
 [ 1  1  0 -1 -1  0  0]
 [ 1 -1  0  1 -1  0  0]
 [ 1  1  0 -1  1  0  1]]
after:
[[ 0  0  0  1  0  0  0]
 [ 0  1  0 -1 -1  0  0]
 [-1 -1  0 -1  1  0  0]
 [ 1  1  0 -1 -1  0  0]
 [ 1 -1  0  1 -1  0  0]
 [ 1  1  0 -1  1  0  1]]
------------------------
before:
[[ 0  0  0  1 -1  0  0]
 [ 0  0  0 -1 -1  0  0]
 [-1 -1  0 -1  1  0  0]
 [ 1  1  0 -1 -1  0  0]
 [ 1 -1  0  1 -1  0  1]
 [ 1  1  0 -1  1  0  1]]
after:
[[ 0  0  0  1 -1  0  0]
 [ 0  1  0 -1 -1  0  0]
 [-1 -1  0 -1  1  0  0]
 [ 1  1  0 -1 -1  0  0]
 [ 1 -1  0  1 -1  0  1]
 [ 1  1  0 -1  1  0  1]]
------------------------
before:
[[ 0  0  0  1 -1  0  0]
 [ 0  0  0 -1 -1  0  0]
 [-1 -1  0 -1  1  0 -1]
 [ 1  1  0 -1 -1  0  1]
 [ 1 -1  0  1 -1  0  1]
 [ 1  1  0 -1  1  0  1]]
after:
[[ 0  0  0  1 -1  0  0]
 [ 0  1  0 -1 -1  0  0]
 [-1 -1  0 -1  1  0 -1]
 [ 1  1  0 -1 -1  0  1]
 [ 1 -1  0  1 -1  0  1]
 [ 1  1  0 -1  1  0  1]]
------------------------
before:
[[-1  0  0  1 -1  0  0]
 [ 1  0  0 -1 -1  0  0]
 [-1 -1  0 -1  1  0 -1]
 [ 1  1  0 -1 -1  0  1]
 [ 1 -1  0  1 -1  0  1]
 [ 1  1  0 -1  1  0  1]]
after:
[[-1  0  0  1 -1  0  0]
 [ 1  1  0 -1 -1  0  0]
 [-1 -1  0 -1  1  0 -1]
 [ 1  1  0 -1 -1  0  1]
 [ 1 -1  0  1 -1  0  1]
 [ 1  1  0 -1  1  0  1]]
------------------------
before:
[[-1  0  0  1 -1  0  0]
 [ 1  0  0 -1 -1  0  0]
 [-1 -1  0 -1  1  0 -1]
 [ 1  1  0 -1 -1  0  1]
 [ 1 -1  0  1 -1  0  1]
 [ 1  1 -1 -1  1  1  1]]
after:
[[-1  0  0  1 -1  0  0]
 [ 1  1  0 -1 -1  0  0]
 [-1 -1  0 -1  1  0 -1]
 [ 1  1  0 -1 -1  0  1]
 [ 1 -1  0  1 -1  0  1]
 [ 1  1 -1 -1  1  1  1]]
------------------------
before:
[[-1  0  0  1 -1  0 -1]
 [ 1  0  0 -1 -1  0  1]
 [-1 -1  0 -1  1  0 -1]
 [ 1  1  0 -1 -1  0  1]
 [ 1 -1  0  1 -1  0  1]
 [ 1  1 -1 -1  1  1  1]]
after:
[[-1  0  0  1 -1  0 -1]
 [ 1  1  0 -1 -1  0  1]
 [-1 -1  0 -1  1  0 -1]
 [ 1  1  0 -1 -1  0  1]
 [ 1 -1  0  1 -1  0  1]
 [ 1  1 -1 -1  1  1  1]]
------------------------
before:
[[-1  0  0  1 -1  0 -1]
 [ 1  1  0 -1 -1  0  1]
 [-1 -1  0 -1  1  0 -1]
 [ 1  1  0 -1 -1  0  1]
 [ 1 -1  0  1 -1  0  1]
 [ 1  1 -1 -1  1  1  1]]
after:
[[-1 -1  0  1 -1  0 -1]
 [ 1  1  0 -1 -1  0  1]
 [-1 -1  0 -1  1  0 -1]
 [ 1  1  0 -1 -1  0  1]
 [ 1 -1  0  1 -1  0  1]
 [ 1  1 -1 -1  1  1  1]]
------------------------
before:
[[-1 -1  0  1 -1  0 -1]
 [ 1  1  0 -1 -1  0  1]
 [-1 -1  0 -1  1  0 -1]
 [ 1  1  0 -1 -1  0  1]
 [ 1 -1  0  1 -1  0  1]
 [ 1  1 -1 -1  1  1  1]]
after:
[[-1 -1  0  1 -1  0 -1]
 [ 1  1  0 -1 -1  0  1]
 [-1 -1  0 -1  1  0 -1]
 [ 1  1  0 -1 -1  0  1]
 [ 1 -1  0  1 -1  1  1]
 [ 1  1 -1 -1  1  1  1]]
------------------------
before:
[[ 0  0 -1  0  0  0  0]
 [ 0  0  1  1  0  0  0]
 [-1  0 -1 -1  0  0  0]
 [ 1  0 -1 -1  0  0  0]
 [ 1  0 -1  1 -1  0 -1]
 [ 1  0  1 -1  1  1  1]]
after:
[[ 0  0 -1  1  0  0  0]
 [ 0  0  1  1  0  0  0]
 [-1  0 -1 -1  0  0  0]
 [ 1  0 -1 -1  0  0  0]
 [ 1  0 -1  1 -1  0 -1]
 [ 1  0  1 -1  1  1  1]]
------------------------
before:
[[ 0  0 -1  0  0  0  0]
 [ 0  0  1  1  0  0  0]
 [-1  0 -1 -1  0  0 -1]
 [ 1  0 -1 -1  0  0  1]
 [ 1  0 -1  1 -1  0 -1]
 [ 1  0  1 -1  1  1  1]]
after:
[[ 0  0 -1  1  0  0  0]
 [ 0  0  1  1  0  0  0]
 [-1  0 -1 -1  0  0 -1]
 [ 1  0 -1 -1  0  0  1]
 [ 1  0 -1  1 -1  0 -1]
 [ 1  0  1 -1  1  1  1]]
------------------------
before:
[[ 0  0 -1  0  0  0  0]
 [ 0  0  1  1  0  0  0]
 [-1  0 -1 -1 -1  0 -1]
 [ 1  0 -1 -1  1  0  1]
 [ 1  0 -1  1 -1  0 -1]
 [ 1  0  1 -1  1  1  1]]
after:
[[ 0  0 -1  0  0  0  0]
 [ 0  0  1  1  0  0  0]
 [-1  0 -1 -1 -1  0 -1]
 [ 1  0 -1 -1  1  0  1]
 [ 1  0 -1  1 -1  0 -1]
 [ 1  1  1 -1  1  1  1]]
------------------------
before:
[[ 0  0 -1  0  0  0  0]
 [ 0  0  1  1  0  0  0]
 [-1  0 -1 -1 -1  0 -1]
 [ 1  0 -1 -1  1  0  1]
 [ 1 -1 -1  1 -1  0 -1]
 [ 1  1  1 -1  1  1  1]]
after:
[[ 0  0 -1  0  0  0  0]
 [ 0  0  1  1  0  0  0]
 [-1  0 -1 -1 -1  0 -1]
 [ 1  1 -1 -1  1  0  1]
 [ 1 -1 -1  1 -1  0 -1]
 [ 1  1  1 -1  1  1  1]]
------------------------
before:
[[ 0  0  0  0  0  0  0]
 [ 0  0 -1  1  0  0  0]
 [-1  0  1  1  1  0  0]
 [ 1  0 -1 -1 -1  0  0]
 [ 1  0 -1  1 -1  0  0]
 [ 1 -1  1 -1 -1  1  0]]
after:
[[ 0  0  1  0  0  0  0]
 [ 0  0 -1  1  0  0  0]
 [-1  0  1  1  1  0  0]
 [ 1  0 -1 -1 -1  0  0]
 [ 1  0 -1  1 -1  0  0]
 [ 1 -1  1 -1 -1  1  0]]
------------------------
before:
[[ 0  0  1 -1  0  0  0]
 [ 0  0 -1  1  0  0  0]
 [-1  0  1  1  1  0  0]
 [ 1  0 -1 -1 -1  0  0]
 [ 1  0 -1  1 -1  0  0]
 [ 1 -1  1 -1 -1  1  0]]
after:
[[ 0  0  1 -1  0  0  0]
 [ 1  0 -1  1  0  0  0]
 [-1  0  1  1  1  0  0]
 [ 1  0 -1 -1 -1  0  0]
 [ 1  0 -1  1 -1  0  0]
 [ 1 -1  1 -1 -1  1  0]]
------------------------
before:
[[ 0  0  1 -1  0  0  0]
 [ 0  0 -1  1  0  0  0]
 [-1  0  1  1  1  0  0]
 [ 1  0 -1 -1 -1  0  0]
 [ 1  0 -1  1 -1  0 -1]
 [ 1 -1  1 -1 -1  1  1]]
after:
[[ 0  0  1 -1  0  0  0]
 [ 0  0 -1  1  0  0  0]
 [-1  0  1  1  1  0  0]
 [ 1  0 -1 -1 -1  0  1]
 [ 1  0 -1  1 -1  0 -1]
 [ 1 -1  1 -1 -1  1  1]]
------------------------
before:
[[ 0  0  1 -1  0  0  0]
 [ 0  0 -1  1  0  0  0]
 [-1  0  1  1  1  0 -1]
 [ 1  0 -1 -1 -1  0  1]
 [ 1  0 -1  1 -1  0 -1]
 [ 1 -1  1 -1 -1  1  1]]
after:
[[ 0  0  1 -1  0  0  0]
 [ 0  0 -1  1  0  0  1]
 [-1  0  1  1  1  0 -1]
 [ 1  0 -1 -1 -1  0  1]
 [ 1  0 -1  1 -1  0 -1]
 [ 1 -1  1 -1 -1  1  1]]
------------------------
before:
[[ 0  0  1 -1 -1  0  0]
 [ 0  0 -1  1  1  0  0]
 [-1  0  1  1  1  0 -1]
 [ 1  0 -1 -1 -1  0  1]
 [ 1  0 -1  1 -1  0 -1]
 [ 1 -1  1 -1 -1  1  1]]
after:
[[ 0  0  1 -1 -1  0  0]
 [ 0  0 -1  1  1  0  1]
 [-1  0  1  1  1  0 -1]
 [ 1  0 -1 -1 -1  0  1]
 [ 1  0 -1  1 -1  0 -1]
 [ 1 -1  1 -1 -1  1  1]]
------------------------
before:
[[ 0  0  1 -1 -1  0 -1]
 [ 0  0 -1  1  1  0  1]
 [-1  0  1  1  1  0 -1]
 [ 1  0 -1 -1 -1  0  1]
 [ 1  0 -1  1 -1  0 -1]
 [ 1 -1  1 -1 -1  1  1]]
after:
[[ 0  0  1 -1 -1  0 -1]
 [ 1  0 -1  1  1  0  1]
 [-1  0  1  1  1  0 -1]
 [ 1  0 -1 -1 -1  0  1]
 [ 1  0 -1  1 -1  0 -1]
 [ 1 -1  1 -1 -1  1  1]]
------------------------
before:
[[-1  0  1 -1 -1  0 -1]
 [ 1  0 -1  1  1  0  1]
 [-1  0  1  1  1  0 -1]
 [ 1  0 -1 -1 -1  0  1]
 [ 1  0 -1  1 -1  0 -1]
 [ 1 -1  1 -1 -1  1  1]]
after:
[[-1  0  1 -1 -1  0 -1]
 [ 1  0 -1  1  1  0  1]
 [-1  0  1  1  1  0 -1]
 [ 1  0 -1 -1 -1  0  1]
 [ 1  1 -1  1 -1  0 -1]
 [ 1 -1  1 -1 -1  1  1]]
------------------------
before:
[[ 0  0  1 -1  0  0  0]
 [ 0  0 -1  1  0  0  0]
 [-1  0  1  1  1  0  0]
 [ 1  0 -1 -1 -1  0  0]
 [ 1  0 -1  1 -1  0  0]
 [ 1 -1  1 -1 -1  1  0]]
after:
[[ 0  0  1 -1  0  0  0]
 [ 1  0 -1  1  0  0  0]
 [-1  0  1  1  1  0  0]
 [ 1  0 -1 -1 -1  0  0]
 [ 1  0 -1  1 -1  0  0]
 [ 1 -1  1 -1 -1  1  0]]
------------------------
before:
[[ 0  0  1 -1 -1  0  0]
 [ 0  0 -1  1  1  0  0]
 [-1  0  1  1  1  0  0]
 [ 1  0 -1 -1 -1  0  0]
 [ 1  0 -1  1 -1  0  0]
 [ 1 -1  1 -1 -1  1  0]]
after:
[[ 0  0  1 -1 -1  0  0]
 [ 1  0 -1  1  1  0  0]
 [-1  0  1  1  1  0  0]
 [ 1  0 -1 -1 -1  0  0]
 [ 1  0 -1  1 -1  0  0]
 [ 1 -1  1 -1 -1  1  0]]
------------------------
before:
[[-1  0  1 -1 -1  0  0]
 [ 1  0 -1  1  1  0  0]
 [-1  0  1  1  1  0  0]
 [ 1  0 -1 -1 -1  0  0]
 [ 1  0 -1  1 -1  0  0]
 [ 1 -1  1 -1 -1  1  0]]
after:
[[-1  0  1 -1 -1  0  0]
 [ 1  0 -1  1  1  0  0]
 [-1  0  1  1  1  0  0]
 [ 1  0 -1 -1 -1  0  0]
 [ 1  0 -1  1 -1  0  0]
 [ 1 -1  1 -1 -1  1  1]]
------------------------
before:
[[-1  0  1 -1 -1  0  0]
 [ 1  0 -1  1  1  0  0]
 [-1  0  1  1  1  0  0]
 [ 1  0 -1 -1 -1  0  0]
 [ 1  0 -1  1 -1  0 -1]
 [ 1 -1  1 -1 -1  1  1]]
after:
[[-1  0  1 -1 -1  0  0]
 [ 1  0 -1  1  1  0  0]
 [-1  0  1  1  1  0  0]
 [ 1  0 -1 -1 -1  0  1]
 [ 1  0 -1  1 -1  0 -1]
 [ 1 -1  1 -1 -1  1  1]]
------------------------
before:
[[-1  0  1 -1 -1  0  0]
 [ 1  0 -1  1  1  0  0]
 [-1  0  1  1  1  0 -1]
 [ 1  0 -1 -1 -1  0  1]
 [ 1  0 -1  1 -1  0 -1]
 [ 1 -1  1 -1 -1  1  1]]
after:
[[-1  0  1 -1 -1  0  0]
 [ 1  0 -1  1  1  0  1]
 [-1  0  1  1  1  0 -1]
 [ 1  0 -1 -1 -1  0  1]
 [ 1  0 -1  1 -1  0 -1]
 [ 1 -1  1 -1 -1  1  1]]
------------------------
before:
[[-1  0  1 -1 -1  0 -1]
 [ 1  0 -1  1  1  0  1]
 [-1  0  1  1  1  0 -1]
 [ 1  0 -1 -1 -1  0  1]
 [ 1  0 -1  1 -1  0 -1]
 [ 1 -1  1 -1 -1  1  1]]
after:
[[-1  0  1 -1 -1  0 -1]
 [ 1  0 -1  1  1  0  1]
 [-1  0  1  1  1  0 -1]
 [ 1  0 -1 -1 -1  0  1]
 [ 1  1 -1  1 -1  0 -1]
 [ 1 -1  1 -1 -1  1  1]]
------------------------
before:
[[ 0  0  0 -1  0  0  0]
 [ 0  0  0  1  0  1 -1]
 [ 0  0 -1 -1  0 -1  1]
 [ 0  0  1  1  0 -1 -1]
 [ 0  0 -1 -1  0  1  1]
 [ 0  0  1 -1  0  1  1]]
after:
[[ 0  0  0 -1  0  0  0]
 [ 0  0  1  1  0  1 -1]
 [ 0  0 -1 -1  0 -1  1]
 [ 0  0  1  1  0 -1 -1]
 [ 0  0 -1 -1  0  1  1]
 [ 0  0  1 -1  0  1  1]]
------------------------
before:
[[ 0  0  0 -1  0  0  0]
 [ 0  0 -1  1  0  1 -1]
 [ 0  0 -1 -1  0 -1  1]
 [ 0  0  1  1  0 -1 -1]
 [ 0  0 -1 -1  0  1  1]
 [ 1  0  1 -1  0  1  1]]
after:
[[ 0  0  1 -1  0  0  0]
 [ 0  0 -1  1  0  1 -1]
 [ 0  0 -1 -1  0 -1  1]
 [ 0  0  1  1  0 -1 -1]
 [ 0  0 -1 -1  0  1  1]
 [ 1  0  1 -1  0  1  1]]
------------------------
before:
[[ 0  0  0 -1  0  0  0]
 [ 0  0 -1  1  0  1 -1]
 [ 0  0 -1 -1  0 -1  1]
 [-1  0  1  1  0 -1 -1]
 [ 1  0 -1 -1  0  1  1]
 [ 1  0  1 -1  0  1  1]]
after:
[[ 0  0  0 -1  0  0  0]
 [ 0  0 -1  1  0  1 -1]
 [ 1  0 -1 -1  0 -1  1]
 [-1  0  1  1  0 -1 -1]
 [ 1  0 -1 -1  0  1  1]
 [ 1  0  1 -1  0  1  1]]
------------------------
before:
[[ 0  0  1 -1  0 -1  0]
 [ 0  0 -1  1  0  1 -1]
 [ 0  0 -1 -1  0 -1  1]
 [-1  0  1  1  0 -1 -1]
 [ 1  0 -1 -1  0  1  1]
 [ 1  0  1 -1  0  1  1]]
after:
[[ 0  0  1 -1  0 -1  1]
 [ 0  0 -1  1  0  1 -1]
 [ 0  0 -1 -1  0 -1  1]
 [-1  0  1  1  0 -1 -1]
 [ 1  0 -1 -1  0  1  1]
 [ 1  0  1 -1  0  1  1]]
------------------------
before:
[[ 0  0  1 -1  0 -1  0]
 [-1  0 -1  1  0  1 -1]
 [ 1  0 -1 -1  0 -1  1]
 [-1  0  1  1  0 -1 -1]
 [ 1  0 -1 -1  0  1  1]
 [ 1  0  1 -1  0  1  1]]
after:
[[ 1  0  1 -1  0 -1  0]
 [-1  0 -1  1  0  1 -1]
 [ 1  0 -1 -1  0 -1  1]
 [-1  0  1  1  0 -1 -1]
 [ 1  0 -1 -1  0  1  1]
 [ 1  0  1 -1  0  1  1]]
------------------------
before:
[[ 0  0  1 -1  0 -1 -1]
 [-1  0 -1  1  0  1 -1]
 [ 1  0 -1 -1  0 -1  1]
 [-1  0  1  1  0 -1 -1]
 [ 1  0 -1 -1  0  1  1]
 [ 1  0  1 -1  1  1  1]]
after:
[[ 1  0  1 -1  0 -1 -1]
 [-1  0 -1  1  0  1 -1]
 [ 1  0 -1 -1  0 -1  1]
 [-1  0  1  1  0 -1 -1]
 [ 1  0 -1 -1  0  1  1]
 [ 1  0  1 -1  1  1  1]]
------------------------
before:
[[ 0  0  1 -1  0 -1 -1]
 [-1  0 -1  1  0  1 -1]
 [ 1  0 -1 -1  0 -1  1]
 [-1  0  1  1  0 -1 -1]
 [ 1 -1 -1 -1  0  1  1]
 [ 1  1  1 -1  1  1  1]]
after:
[[ 1  0  1 -1  0 -1 -1]
 [-1  0 -1  1  0  1 -1]
 [ 1  0 -1 -1  0 -1  1]
 [-1  0  1  1  0 -1 -1]
 [ 1 -1 -1 -1  0  1  1]
 [ 1  1  1 -1  1  1  1]]
------------------------
before:
[[ 0  0  0  1  0  0  0]
 [ 0  0  0 -1 -1  0  0]
 [-1  1  0 -1  1  0  0]
 [ 1  1  0 -1 -1  0  0]
 [ 1 -1  0  1 -1  0  0]
 [ 1  1  0 -1  1  0 -1]]
after:
[[ 0  0  0  1  0  0  0]
 [ 0  1  0 -1 -1  0  0]
 [-1  1  0 -1  1  0  0]
 [ 1  1  0 -1 -1  0  0]
 [ 1 -1  0  1 -1  0  0]
 [ 1  1  0 -1  1  0 -1]]
------------------------
before:
[[ 0  0  0  1  0  0  0]
 [ 1 -1  0 -1 -1  0  0]
 [-1  1  0 -1  1  0  0]
 [ 1  1  0 -1 -1  0  0]
 [ 1 -1  0  1 -1  0  0]
 [ 1  1  0 -1  1  0 -1]]
after:
[[ 0  0  0  1  1  0  0]
 [ 1 -1  0 -1 -1  0  0]
 [-1  1  0 -1  1  0  0]
 [ 1  1  0 -1 -1  0  0]
 [ 1 -1  0  1 -1  0  0]
 [ 1  1  0 -1  1  0 -1]]
------------------------
before:
[[ 0  0  0  1  1  0  0]
 [ 1 -1  0 -1 -1  0  0]
 [-1  1  0 -1  1  0  0]
 [ 1  1  0 -1 -1  0  0]
 [ 1 -1  0  1 -1  0  0]
 [ 1  1  0 -1  1  0 -1]]
after:
[[-1  0  0  1  1  0  0]
 [ 1 -1  0 -1 -1  0  0]
 [-1  1  0 -1  1  0  0]
 [ 1  1  0 -1 -1  0  0]
 [ 1 -1  0  1 -1  0  0]
 [ 1  1  0 -1  1  0 -1]]
------------------------
before:
[[-1  0  0  1  1  0  0]
 [ 1 -1  0 -1 -1  0  0]
 [-1  1  0 -1  1  0  0]
 [ 1  1  0 -1 -1  0  0]
 [ 1 -1  0  1 -1  0  0]
 [ 1  1  0 -1  1  0 -1]]
after:
[[-1  0  0  1  1  0  0]
 [ 1 -1  0 -1 -1  0  0]
 [-1  1  0 -1  1  0  0]
 [ 1  1  0 -1 -1  0  0]
 [ 1 -1  0  1 -1  0  1]
 [ 1  1  0 -1  1  0 -1]]
------------------------
before:
[[-1  0  0  1  1  0  0]
 [ 1 -1  0 -1 -1  0  0]
 [-1  1  0 -1  1  0  0]
 [ 1  1  0 -1 -1  0 -1]
 [ 1 -1  0  1 -1  0  1]
 [ 1  1  0 -1  1  0 -1]]
after:
[[-1  0  0  1  1  0  0]
 [ 1 -1  0 -1 -1  0  0]
 [-1  1  0 -1  1  0  1]
 [ 1  1  0 -1 -1  0 -1]
 [ 1 -1  0  1 -1  0  1]
 [ 1  1  0 -1  1  0 -1]]
------------------------
before:
[[-1  0  0  1  1  0  0]
 [ 1 -1  0 -1 -1  0 -1]
 [-1  1  0 -1  1  0  1]
 [ 1  1  0 -1 -1  0 -1]
 [ 1 -1  0  1 -1  0  1]
 [ 1  1  0 -1  1  0 -1]]
after:
[[-1  0  0  1  1  0  1]
 [ 1 -1  0 -1 -1  0 -1]
 [-1  1  0 -1  1  0  1]
 [ 1  1  0 -1 -1  0 -1]
 [ 1 -1  0  1 -1  0  1]
 [ 1  1  0 -1  1  0 -1]]
------------------------
before:
[[-1 -1  0  1  1  0  0]
 [ 1 -1  0 -1 -1  0 -1]
 [-1  1  0 -1  1  0  1]
 [ 1  1  0 -1 -1  0 -1]
 [ 1 -1  0  1 -1  0  1]
 [ 1  1  1 -1  1  0 -1]]
after:
[[-1 -1  0  1  1  0  1]
 [ 1 -1  0 -1 -1  0 -1]
 [-1  1  0 -1  1  0  1]
 [ 1  1  0 -1 -1  0 -1]
 [ 1 -1  0  1 -1  0  1]
 [ 1  1  1 -1  1  0 -1]]
------------------------
before:
[[-1 -1  0  1  1  0  1]
 [ 1 -1  0 -1 -1  0 -1]
 [-1  1  0 -1  1  0  1]
 [ 1  1  0 -1 -1  0 -1]
 [ 1 -1  0  1 -1  0  1]
 [ 1  1  1 -1  1 -1 -1]]
after:
[[-1 -1  0  1  1  0  1]
 [ 1 -1  0 -1 -1  0 -1]
 [-1  1  0 -1  1  0  1]
 [ 1  1  0 -1 -1  0 -1]
 [ 1 -1  0  1 -1  1  1]
 [ 1  1  1 -1  1 -1 -1]]
------------------------
before:
[[ 0  0  0 -1  0  0  0]
 [ 0 -1  0 -1  0  0  0]
 [ 0 -1  0  1  1 -1  0]
 [ 0  1  0 -1  1  1  0]
 [ 0 -1  1  1 -1 -1  1]
 [ 0  1  1 -1  1 -1  1]]
after:
[[ 0  0  0 -1  0  0  0]
 [ 0 -1  0 -1  0  0  0]
 [ 0 -1  0  1  1 -1  0]
 [ 0  1  0 -1  1  1 -1]
 [ 0 -1  1  1 -1 -1  1]
 [ 0  1  1 -1  1 -1  1]]
------------------------
before:
[[ 0  0  0 -1  0  0  0]
 [ 0 -1  0 -1  0  0  0]
 [ 0 -1  0  1  1 -1  0]
 [ 0  1  0 -1  1  1 -1]
 [ 0 -1  1  1 -1 -1  1]
 [ 0  1  1 -1  1 -1  1]]
after:
[[ 0  1  0 -1  0  0  0]
 [ 0 -1  0 -1  0  0  0]
 [ 0 -1  0  1  1 -1  0]
 [ 0  1  0 -1  1  1 -1]
 [ 0 -1  1  1 -1 -1  1]
 [ 0  1  1 -1  1 -1  1]]
------------------------
before:
[[ 0  0  0 -1 -1  0  0]
 [ 0 -1  0 -1  1  0  0]
 [ 0 -1  0  1  1 -1  0]
 [ 0  1  0 -1  1  1 -1]
 [ 0 -1  1  1 -1 -1  1]
 [ 0  1  1 -1  1 -1  1]]
after:
[[ 0  1  0 -1 -1  0  0]
 [ 0 -1  0 -1  1  0  0]
 [ 0 -1  0  1  1 -1  0]
 [ 0  1  0 -1  1  1 -1]
 [ 0 -1  1  1 -1 -1  1]
 [ 0  1  1 -1  1 -1  1]]
------------------------
before:
[[ 0  1  0 -1 -1  0  0]
 [ 0 -1  0 -1  1  0  0]
 [ 0 -1  0  1  1 -1 -1]
 [ 0  1  0 -1  1  1 -1]
 [ 0 -1  1  1 -1 -1  1]
 [ 0  1  1 -1  1 -1  1]]
after:
[[ 0  1  0 -1 -1  0  0]
 [ 0 -1  0 -1  1  0  0]
 [ 0 -1  0  1  1 -1 -1]
 [ 0  1  0 -1  1  1 -1]
 [ 0 -1  1  1 -1 -1  1]
 [ 1  1  1 -1  1 -1  1]]
------------------------
before:
[[ 0  1  0 -1 -1  0  0]
 [ 0 -1  0 -1  1  0  0]
 [ 0 -1  0  1  1 -1 -1]
 [ 0  1 -1 -1  1  1 -1]
 [ 0 -1  1  1 -1 -1  1]
 [ 1  1  1 -1  1 -1  1]]
after:
[[ 0  1  0 -1 -1  0  0]
 [ 0 -1  0 -1  1  0  0]
 [ 0 -1  1  1  1 -1 -1]
 [ 0  1 -1 -1  1  1 -1]
 [ 0 -1  1  1 -1 -1  1]
 [ 1  1  1 -1  1 -1  1]]
------------------------
before:
[[ 0  1  0 -1 -1  0  0]
 [ 0 -1 -1 -1  1  0  0]
 [ 0 -1  1  1  1 -1 -1]
 [ 0  1 -1 -1  1  1 -1]
 [ 0 -1  1  1 -1 -1  1]
 [ 1  1  1 -1  1 -1  1]]
after:
[[ 0  1  1 -1 -1  0  0]
 [ 0 -1 -1 -1  1  0  0]
 [ 0 -1  1  1  1 -1 -1]
 [ 0  1 -1 -1  1  1 -1]
 [ 0 -1  1  1 -1 -1  1]
 [ 1  1  1 -1  1 -1  1]]
------------------------
before:
[[ 0  1  1 -1 -1  0  0]
 [ 0 -1 -1 -1  1  0  0]
 [ 0 -1  1  1  1 -1 -1]
 [ 0  1 -1 -1  1  1 -1]
 [-1 -1  1  1 -1 -1  1]
 [ 1  1  1 -1  1 -1  1]]
after:
[[ 0  1  1 -1 -1  0  0]
 [ 0 -1 -1 -1  1  0  0]
 [ 0 -1  1  1  1 -1 -1]
 [ 1  1 -1 -1  1  1 -1]
 [-1 -1  1  1 -1 -1  1]
 [ 1  1  1 -1  1 -1  1]]
------------------------
before:
[[ 0  1  1 -1 -1  0  0]
 [ 0 -1 -1 -1  1  0  0]
 [-1 -1  1  1  1 -1 -1]
 [ 1  1 -1 -1  1  1 -1]
 [-1 -1  1  1 -1 -1  1]
 [ 1  1  1 -1  1 -1  1]]
after:
[[ 0  1  1 -1 -1  0  0]
 [ 1 -1 -1 -1  1  0  0]
 [-1 -1  1  1  1 -1 -1]
 [ 1  1 -1 -1  1  1 -1]
 [-1 -1  1  1 -1 -1  1]
 [ 1  1  1 -1  1 -1  1]]
------------------------
before:
[[-1  1  1 -1 -1  0  0]
 [ 1 -1 -1 -1  1  0  0]
 [-1 -1  1  1  1 -1 -1]
 [ 1  1 -1 -1  1  1 -1]
 [-1 -1  1  1 -1 -1  1]
 [ 1  1  1 -1  1 -1  1]]
after:
[[-1  1  1 -1 -1  0  0]
 [ 1 -1 -1 -1  1  1  0]
 [-1 -1  1  1  1 -1 -1]
 [ 1  1 -1 -1  1  1 -1]
 [-1 -1  1  1 -1 -1  1]
 [ 1  1  1 -1  1 -1  1]]
------------------------
