[07-31 12:14:50 MainThread @logger.py:242] Argv: cycle.py
/home/student/.local/lib/python3.8/site-packages/torch/cuda/__init__.py:107: UserWarning: CUDA initialization: Unexpected error from cudaGetDeviceCount(). Did you run some cuda functions before calling NumCudaDevices() that might have already set an error? Error 804: forward compatibility was attempted on non supported HW (Triggered internally at ../c10/cuda/CUDAFunctions.cpp:109.)
  return torch._C._cuda_getDeviceCount() > 0
[07-31 12:14:51 MainThread @__init__.py:44] PARL detects two backend frameworks: paddle, torch. Use paddle by default.
[07-31 12:14:51 MainThread @__init__.py:45] To use torch as backend, `export PARL_BACKEND=torch` before running the scripts.
encoded
buffer
417
0
[[ 0  0  0  0  0  0  0]
 [ 0  0  0  0  0  0  0]
 [ 0  0  0  0  0  0  0]
 [ 0  0  0  0  0  0  0]
 [ 0 -1  0  0  0  0  0]
 [ 0  1  0  0  0  0  0]]
[[ 0  0  0  0  0  0  0]
 [ 0  0  0  0  0  0  0]
 [ 0  0  0  0  0  0  0]
 [ 0  0  0  0  0  0  0]
 [ 0 -1  0  0  0  0  0]
 [ 0  1  0  0  0  0  0]]
1
[[ 0  0  0  0  0  0  0]
 [ 0  0  0  0  0  0  0]
 [ 0  0  0  0  0  0  0]
 [ 0  0  0  0  0  0  0]
 [ 0 -1  0  0  0  0  0]
 [ 0  1  1 -1  0  0  0]]
[[ 0  0  0  0  0  0  0]
 [ 0  0  0  0  0  0  0]
 [ 0  0  0  0  0  0  0]
 [ 0  0  0  0  0  0  0]
 [ 0 -1  0  0  0  0  0]
 [ 0  1  1 -1  0  0  0]]
2
[[ 0  0  0  0  0  0  0]
 [ 0  0  0  0  0  0  0]
 [ 0  0  0  0  0  0  0]
 [ 0  0  0  0  0  0  0]
 [ 0 -1  0  0  0  0  0]
 [ 0  1  1 -1  0  0  1]]
[[ 0  0  0  0  0  0  0]
 [ 0  0  0  0  0  0  0]
 [ 0  0  0  0  0  0  0]
 [ 0  0  0  0  0  0  0]
 [ 0 -1  0  0  0  0  0]
 [ 0  1  1 -1  0  0  1]]
3
[[ 0  0  0  0  0  0  0]
 [ 0  0  0  0  0  0  0]
 [ 0  0  0  0  0  0  0]
 [ 0 -1  0  0  0  0  0]
 [ 0 -1  0  0  0  0  0]
 [ 0  1  1 -1  0  0  1]]
[[ 0  0  0  0  0  0  0]
 [ 0  0  0  0  0  0  0]
 [ 0  0  0  0  0  0  0]
 [ 0 -1  0  0  0  0  0]
 [ 0 -1  0  0  0  0  0]
 [ 0  1  1 -1  0  0  1]]
4
[[ 0  0  0  0  0  0  0]
 [ 0  0  0  0  0  0  0]
 [ 0  1  0  0  0  0  0]
 [ 0 -1  0  0  0  0  0]
 [ 0 -1  1  0  0  0  0]
 [-1  1  1 -1  0  0  1]]
[[ 0  0  0  0  0  0  0]
 [ 0  0  0  0  0  0  0]
 [ 0  1  0  0  0  0  0]
 [ 0 -1  0  0  0  0  0]
 [ 0 -1  1  0  0  0  0]
 [-1  1  1 -1  0  0  1]]
5
[[ 0  0  0  0  0  0  0]
 [ 0  0  0  0  0  0  0]
 [ 0  1  0  0  0  0  0]
 [ 0 -1 -1  0  0  0  0]
 [ 0 -1  1  0  0  0  0]
 [-1  1  1 -1  0  0  1]]
6
[[ 0  0  0  0  0  0  0]
 [ 0  1  0  0  0  0  0]
 [ 0  1  0  0  0  0  0]
 [ 0 -1 -1  0  0  0  0]
 [ 0 -1  1  0  0  0  0]
 [-1  1  1 -1  0  0  1]]
7
[[ 0  0  0  0  0  0  0]
 [ 0  1  0  0  0  0  0]
 [ 0  1  0  0  0  0  0]
 [ 0 -1 -1  0  0  0  0]
 [ 0 -1  1 -1  0  0  0]
 [-1  1  1 -1  0  0  1]]
8
[[ 0  0  0  0  0  0  0]
 [ 0  1  0  0  0  0  0]
 [ 0  1  0  0  0  0  0]
 [ 0 -1 -1  0  0  0  0]
 [ 0 -1  1 -1  0  0  0]
 [-1  1  1 -1  1  0  1]]
9
[[ 0  0  0  0  0  0  0]
 [ 0  1  0  0  0  0  0]
 [ 0  1  0  0  0  0  0]
 [ 0 -1 -1 -1  0  0  0]
 [ 0 -1  1 -1  0  0  0]
 [-1  1  1 -1  1  0  1]]
10
[[ 0  0  0  0  0  0  0]
 [ 0  1  0 -1  0  0  0]
 [ 0  1  0  1  0  0  0]
 [ 0 -1 -1 -1  0  0  0]
 [ 0 -1  1 -1  0  0  0]
 [-1  1  1 -1  1  0  1]]
11
[[ 0  0  0  0  0  0  0]
 [ 0  1 -1 -1  0  0  0]
 [ 0  1  1  1  0  0  0]
 [ 0 -1 -1 -1  0  0  0]
 [ 0 -1  1 -1  0  0  0]
 [-1  1  1 -1  1  0  1]]
12
[[ 0  0  1 -1  0  0  0]
 [ 0  1 -1 -1  0  0  0]
 [ 0  1  1  1  0  0  0]
 [ 0 -1 -1 -1  0  0  0]
 [ 0 -1  1 -1  0  0  1]
 [-1  1  1 -1  1  0  1]]
13
[[ 0 -1  1 -1  0  0  0]
 [ 0  1 -1 -1  0  0  0]
 [ 0  1  1  1  0  0  0]
 [ 0 -1 -1 -1  0  0  1]
 [ 0 -1  1 -1  0  0  1]
 [-1  1  1 -1  1  0  1]]
14
[[ 0 -1  1 -1  0  0 -1]
 [ 0  1 -1 -1  0  0  1]
 [ 0  1  1  1  0  0 -1]
 [ 0 -1 -1 -1  0  0  1]
 [ 0 -1  1 -1  0  0  1]
 [-1  1  1 -1  1  1  1]]
15
[[ 0 -1  1 -1  0  0 -1]
 [ 0  1 -1 -1  0  0  1]
 [ 0  1  1  1  0  0 -1]
 [ 0 -1 -1 -1  0  1  1]
 [ 0 -1  1 -1  0 -1  1]
 [-1  1  1 -1  1  1  1]]
16
[[ 0 -1  1 -1  0  0 -1]
 [ 0  1 -1 -1  0  1  1]
 [ 0  1  1  1  0 -1 -1]
 [ 0 -1 -1 -1  0  1  1]
 [ 0 -1  1 -1  0 -1  1]
 [-1  1  1 -1  1  1  1]]
17
[[ 0  0  0  0  0  0  0]
 [ 0  0  0  0  0  0  0]
 [ 0  0  0  0  0  0  0]
 [ 0  0  0  0  0  0  0]
 [ 0 -1  0  0  0  0  0]
 [ 0  1  0  0  0  0  0]]
[[ 0  0  0  0  0  0  0]
 [ 0  0  0  0  0  0  0]
 [ 0  0  0  0  0  0  0]
 [ 0  0  0  0  0  0  0]
 [ 0 -1  0  0  0  0  0]
 [ 0  1  0  0  0  0  0]]
18
[[ 0  0  0  0  0  0  0]
 [ 0  0  0  0  0  0  0]
 [ 0  0  0  0  0  0  0]
 [ 0  0  0  0  0  0  0]
 [ 0 -1  0  0  0  0  0]
 [ 0  1 -1  1  0  0  0]]
[[ 0  0  0  0  0  0  0]
 [ 0  0  0  0  0  0  0]
 [ 0  0  0  0  0  0  0]
 [ 0  0  0  0  0  0  0]
 [ 0 -1  0  0  0  0  0]
 [ 0  1 -1  1  0  0  0]]
19
[[ 0  0  0  0  0  0  0]
 [ 0  0  0  0  0  0  0]
 [ 0  0  0  0  0  0  0]
 [ 0  0  0  0  0  0  0]
 [ 0 -1  0 -1  0  0  0]
 [ 0  1 -1  1  1  0  1]]
[[ 0  0  0  0  0  0  0]
 [ 0  0  0  0  0  0  0]
 [ 0  0  0  0  0  0  0]
 [ 0  0  0  0  0  0  0]
 [ 0 -1  0 -1  0  0  0]
 [ 0  1 -1  1  1  0  1]]
20
[[ 0  0  0  0  0  0  0]
 [ 0  0  0  0  0  0  0]
 [ 0  0  0  0  0  0  0]
 [ 0  0  0  0  0  0  0]
 [ 0 -1  0 -1  0  0  0]
 [ 0  1 -1  1  1 -1  1]]
[[ 0  0  0  0  0  0  0]
 [ 0  0  0  0  0  0  0]
 [ 0  0  0  0  0  0  0]
 [ 0  0  0  0  0  0  0]
 [ 0 -1  0 -1  0  0  0]
 [ 0  1 -1  1  1 -1  1]]
21
[[ 0  0  0  0  0  0  0]
 [ 0  0  0  0  0  0  0]
 [ 0  0  0  0  0  0  0]
 [ 0  0  0 -1  0  0  0]
 [ 0 -1  1 -1  0  0  0]
 [ 0  1 -1  1  1 -1  1]]
22
[[ 0  0  0  0  0  0  0]
 [ 0  0  0  0  0  0  0]
 [ 0  0  0  1  0  0  0]
 [ 0  0  0 -1  0  0  0]
 [ 0 -1  1 -1  0 -1  0]
 [ 0  1 -1  1  1 -1  1]]
23
[[ 0  0  0  0  0  0  0]
 [ 0  0  0  0  0  0  0]
 [ 0  0  0  1  0  0  0]
 [ 0  0  0 -1 -1  0  0]
 [ 0 -1  1 -1  1 -1  0]
 [ 0  1 -1  1  1 -1  1]]
24
[[ 0  0  0  0  0  0  0]
 [ 0  0  0 -1  0  0  0]
 [ 0  0  1  1  0  0  0]
 [ 0  0  1 -1 -1  0  0]
 [ 0 -1  1 -1  1 -1  0]
 [ 0  1 -1  1  1 -1  1]]
25
[[ 0  0  0  0  0  0  0]
 [ 0  0 -1 -1  0  0  0]
 [ 0  0  1  1  0  0  0]
 [ 0  0  1 -1 -1  0  0]
 [ 0 -1  1 -1  1 -1  0]
 [ 0  1 -1  1  1 -1  1]]
26
[[ 0  0  0 -1  0  0  0]
 [ 0  0 -1 -1  0  0  0]
 [ 0  0  1  1  1  0  0]
 [ 0  0  1 -1 -1  0  0]
 [ 0 -1  1 -1  1 -1  0]
 [ 1  1 -1  1  1 -1  1]]
27
[[ 0  0  0 -1  0  0  0]
 [ 0  0 -1 -1  0  0  0]
 [ 0  0  1  1  1  0  0]
 [ 1  0  1 -1 -1  0  0]
 [-1 -1  1 -1  1 -1  0]
 [ 1  1 -1  1  1 -1  1]]
28
[[ 0  0  0 -1  0  0  0]
 [ 1  0 -1 -1  0  0  0]
 [-1  0  1  1  1  0  0]
 [ 1  0  1 -1 -1  0  0]
 [-1 -1  1 -1  1 -1  0]
 [ 1  1 -1  1  1 -1  1]]
29
[[-1  0  0 -1  0  0  0]
 [ 1  0 -1 -1  0  0  0]
 [-1  0  1  1  1  0  0]
 [ 1  0  1 -1 -1  0  0]
 [-1 -1  1 -1  1 -1  1]
 [ 1  1 -1  1  1 -1  1]]
30
[[-1  0 -1 -1  0  0  0]
 [ 1  0 -1 -1  0  0  0]
 [-1  0  1  1  1  0  0]
 [ 1  0  1 -1 -1  0  1]
 [-1 -1  1 -1  1 -1  1]
 [ 1  1 -1  1  1 -1  1]]
31
[[-1  0 -1 -1  0  0  0]
 [ 1  0 -1 -1  0  0  1]
 [-1  0  1  1  1  0 -1]
 [ 1  0  1 -1 -1  0  1]
 [-1 -1  1 -1  1 -1  1]
 [ 1  1 -1  1  1 -1  1]]
32
[[-1  0 -1 -1  0  0 -1]
 [ 1  0 -1 -1  0  0  1]
 [-1  0  1  1  1  0 -1]
 [ 1  1  1 -1 -1  0  1]
 [-1 -1  1 -1  1 -1  1]
 [ 1  1 -1  1  1 -1  1]]
33
[[-1  0 -1 -1  0  0 -1]
 [ 1  0 -1 -1  1  0  1]
 [-1 -1  1  1  1  0 -1]
 [ 1  1  1 -1 -1  0  1]
 [-1 -1  1 -1  1 -1  1]
 [ 1  1 -1  1  1 -1  1]]
34
[[ 0  0  0  0  0  0  0]
 [ 0  0  0  0  0  0  0]
 [ 0  0  0  0  0  0  0]
 [ 0  0  0  0  0  0  0]
 [ 1  0  0  0  0  0  0]
 [ 1  0  0 -1  0  0  0]]
[[ 0  0  0  0  0  0  0]
 [ 0  0  0  0  0  0  0]
 [ 0  0  0  0  0  0  0]
 [ 0  0  0  0  0  0  0]
 [ 1  0  0  0  0  0  0]
 [ 1  0  0 -1  0  0  0]]
35
[[ 0  0  0  0  0  0  0]
 [ 0  0  0  0  0  0  0]
 [ 0  0  0  0  0  0  0]
 [ 0  0  0  0  0  0  0]
 [ 1  0  0  0  0  0  0]
 [ 1  0  1 -1 -1  0  0]]
[[ 0  0  0  0  0  0  0]
 [ 0  0  0  0  0  0  0]
 [ 0  0  0  0  0  0  0]
 [ 0  0  0  0  0  0  0]
 [ 1  0  0  0  0  0  0]
 [ 1  0  1 -1 -1  0  0]]
36
[[ 0  0  0  0  0  0  0]
 [ 0  0  0  0  0  0  0]
 [ 0  0  0  0  0  0  0]
 [ 0  0  0  0 -1  0  0]
 [ 1  0 -1  0  1  0  0]
 [ 1  1  1 -1 -1  0  0]]
[[ 0  0  0  0  0  0  0]
 [ 0  0  0  0  0  0  0]
 [ 0  0  0  0  0  0  0]
 [ 0  0  0  0 -1  0  0]
 [ 1  0 -1  0  1  0  0]
 [ 1  1  1 -1 -1  0  0]]
37
[[ 0  0  0  0  0  0  0]
 [ 0  0  0  0  0  0  0]
 [ 0  0  0  0 -1  0  0]
 [ 0  0  0  0 -1  0  0]
 [ 1  0 -1  0  1  0  0]
 [ 1  1  1 -1 -1  0  0]]
38
[[ 0  0  0  0  0  0  0]
 [ 0  0  0  0  1  0  0]
 [ 0  0  0  0 -1  0  0]
 [-1  0  0  0 -1  0  0]
 [ 1  0 -1  0  1  0  0]
 [ 1  1  1 -1 -1  0  0]]
39
[[ 0  0  0  0  0  0  0]
 [ 0  0  0  0  1  0  0]
 [ 1  0  0 -1 -1  0  0]
 [-1  0  0  1 -1  0  0]
 [ 1  0 -1 -1  1  0  0]
 [ 1  1  1 -1 -1  0  0]]
40
[[ 0  0  0  0  0  0  0]
 [ 0  0  0 -1  1  0  0]
 [ 1  0  0 -1 -1  0  0]
 [-1  0  0  1 -1  0  0]
 [ 1  0 -1 -1  1  0  0]
 [ 1  1  1 -1 -1  1  1]]
41
[[ 0  0  0  0  0  0  0]
 [ 0  0  0 -1  1  0  0]
 [ 1  0  0 -1 -1  0  0]
 [-1  0  0  1 -1  0  0]
 [ 1  0 -1 -1  1  0 -1]
 [ 1  1  1 -1 -1  1  1]]
42
[[ 0  0  0  0  0  0  0]
 [ 1  0  0 -1  1  0  0]
 [ 1  0  0 -1 -1  0  0]
 [-1  0  0  1 -1  0  1]
 [ 1 -1 -1 -1  1  0 -1]
 [ 1  1  1 -1 -1  1  1]]
43
[[ 0  0  0  0  0  0  0]
 [ 1  0  0 -1  1  0  0]
 [ 1  0  0 -1 -1  0 -1]
 [-1  0  1  1 -1  0  1]
 [ 1 -1 -1 -1  1  0 -1]
 [ 1  1  1 -1 -1  1  1]]
44
[[ 0  0  0  0  1  0  0]
 [ 1  0  0 -1  1  0  0]
 [ 1  0 -1 -1 -1  0 -1]
 [-1  0  1  1 -1  0  1]
 [ 1 -1 -1 -1  1  0 -1]
 [ 1  1  1 -1 -1  1  1]]
45
[[ 0  0  0 -1  1  0  0]
 [ 1  0  1 -1  1  0  0]
 [ 1  0 -1 -1 -1  0 -1]
 [-1  0  1  1 -1  0  1]
 [ 1 -1 -1 -1  1  0 -1]
 [ 1  1  1 -1 -1  1  1]]
46
[[ 1  0 -1 -1  1  0  0]
 [ 1  0  1 -1  1  0  0]
 [ 1  0 -1 -1 -1  0 -1]
 [-1  0  1  1 -1  0  1]
 [ 1 -1 -1 -1  1  0 -1]
 [ 1  1  1 -1 -1  1  1]]
47
[[ 0  0  0  0  0  0  0]
 [ 0  0  0  0  0  0  0]
 [ 0  0  0  0  0  0  0]
 [ 0  0  0  0  0  0  0]
 [ 0  0  0  0  0  0  0]
 [ 0  0  0 -1  1  1  0]]
[[ 0  0  0  0  0  0  0]
 [ 0  0  0  0  0  0  0]
 [ 0  0  0  0  0  0  0]
 [ 0  0  0  0  0  0  0]
 [ 0  0  0  0  0  0  0]
 [ 0  0  0 -1  1  1  0]]
48
[[ 0  0  0  0  0  0  0]
 [ 0  0  0  0  0  0  0]
 [ 0  0  0  0  0  0  0]
 [ 0  0  0  0  0  0  0]
 [ 0  0  0  0  0 -1  0]
 [ 0  0  0 -1  1  1  1]]
[[ 0  0  0  0  0  0  0]
 [ 0  0  0  0  0  0  0]
 [ 0  0  0  0  0  0  0]
 [ 0  0  0  0  0  0  0]
 [ 0  0  0  0  0 -1  0]
 [ 0  0  0 -1  1  1  1]]
49
[[ 0  0  0  0  0  0  0]
 [ 0  0  0  0  0  0  0]
 [ 0  0  0  0  0  0  0]
 [ 0  0  0  0  0  0  0]
 [ 0  0  0  0  0 -1  0]
 [ 0 -1  0 -1  1  1  1]]
[[ 0  0  0  0  0  0  0]
 [ 0  0  0  0  0  0  0]
 [ 0  0  0  0  0  0  0]
 [ 0  0  0  0  0  0  0]
 [ 0  0  0  0  0 -1  0]
 [ 0 -1  0 -1  1  1  1]]
50
[[ 0  0  0  0  0  0  0]
 [ 0  0  0  0  0  0  0]
 [ 0  0  0  0  0  0  0]
 [ 0  0  0  0  0  0  0]
 [ 0  0  0  0  0 -1  0]
 [ 1 -1  0 -1  1  1  1]]
[[ 0  0  0  0  0  0  0]
 [ 0  0  0  0  0  0  0]
 [ 0  0  0  0  0  0  0]
 [ 0  0  0  0  0  0  0]
 [ 0  0  0  0  0 -1  0]
 [ 1 -1  0 -1  1  1  1]]
51
[[ 0  0  0  0  0  0  0]
 [ 0  0  0  0  0  0  0]
 [ 0  0  0  0  0  0  0]
 [ 0  0  0  0  0  0  0]
 [ 0 -1  0  0  0 -1  0]
 [ 1 -1  0 -1  1  1  1]]
[[ 0  0  0  0  0  0  0]
 [ 0  0  0  0  0  0  0]
 [ 0  0  0  0  0  0  0]
 [ 0  0  0  0  0  0  0]
 [ 0 -1  0  0  0 -1  0]
 [ 1 -1  0 -1  1  1  1]]
52
[[ 0  0  0  0  0  0  0]
 [ 0  0  0  0  0  0  0]
 [ 0  1  0  0  0  0  0]
 [ 0  1  0  0  0  0  0]
 [ 0 -1  0 -1  0 -1  0]
 [ 1 -1  0 -1  1  1  1]]
53
[[ 0  0  0  0  0  0  0]
 [ 0  0  0  0  0  0  0]
 [ 0  1  0  0  0  0  0]
 [ 0  1  0 -1  0  0  0]
 [ 0 -1  0 -1  0 -1  0]
 [ 1 -1  0 -1  1  1  1]]
54
[[ 0  0  0  0  0  0  0]
 [ 0  1  0  0  0  0  0]
 [ 0  1  0  1  0  0  0]
 [ 0  1  0 -1  0  0  0]
 [-1 -1  0 -1  0 -1  0]
 [ 1 -1  0 -1  1  1  1]]
55
[[ 0 -1  0  0  0  0  0]
 [ 0  1  0  0  0  0  0]
 [ 0  1  0  1  0  0  0]
 [ 0  1  0 -1  0  0  0]
 [-1 -1  0 -1  0 -1  0]
 [ 1 -1  0 -1  1  1  1]]
56
[[ 0 -1  0  0  0  0  0]
 [ 0  1  0  0  0  0  0]
 [ 0  1  0  1  0  0  0]
 [ 0  1  0 -1 -1  0  0]
 [-1 -1  0 -1  1 -1  1]
 [ 1 -1  0 -1  1  1  1]]
57
[[ 0 -1  0  0  0  0  0]
 [ 0  1  0  0  0  0  0]
 [ 0  1  0  1  0  0  0]
 [ 0  1  0 -1 -1 -1  1]
 [-1 -1  0 -1  1 -1  1]
 [ 1 -1  0 -1  1  1  1]]
58
[[ 0 -1  0  0  0  0  0]
 [ 0  1  0  0  0  0  1]
 [ 0  1  0  1  0  0 -1]
 [ 0  1  0 -1 -1 -1  1]
 [-1 -1  0 -1  1 -1  1]
 [ 1 -1  0 -1  1  1  1]]
59
[[ 0  0  0  0  0  0  0]
 [ 0  0  0  0  0  0  0]
 [ 0  0  0  0  0  0  0]
 [ 0  0  0  0  0  0  0]
 [ 0 -1  0  0  0 -1  0]
 [-1  1  1  1 -1  1  0]]
[[ 0  0  0  0  0  0  0]
 [ 0  0  0  0  0  0  0]
 [ 0  0  0  0  0  0  0]
 [ 0  0  0  0  0  0  0]
 [ 0 -1  0  0  0 -1  0]
 [-1  1  1  1 -1  1  0]]
60
[[ 0  0  0  0  0  0  0]
 [ 0  0  0  0  0  0  0]
 [ 0  0  0  0  0  0  0]
 [ 0  0  0  0  0  0  0]
 [ 1 -1  0 -1  0 -1  0]
 [-1  1  1  1 -1  1  0]]
61
[[ 0  0  0  0  0  0  0]
 [ 0  0  0  0  0  0  0]
 [ 0  0  0  0  0  0  0]
 [ 0  0  0  0  0  0  0]
 [ 1 -1  0 -1  1 -1  0]
 [-1  1  1  1 -1  1  0]]
62
[[ 0  0  0  0  0  0  0]
 [ 0  0  0  0  0  0  0]
 [ 0  0  0  0  0  0  0]
 [ 0  0  0  0 -1  0  0]
 [ 1 -1  0 -1  1 -1  0]
 [-1  1  1  1 -1  1  0]]
63
[[ 0  0  0  0  0  0  0]
 [ 0  0  0  0  0  0  0]
 [ 0  0  0  0  0  0  0]
 [ 1  0  0  0 -1  0  0]
 [ 1 -1  0 -1  1 -1  0]
 [-1  1  1  1 -1  1  0]]
64
[[ 0  0  0  0  0  0  0]
 [ 0  0  0  0  0  0  0]
 [ 0  0  0  1  0  0  0]
 [ 1  0  0 -1 -1  0  0]
 [ 1 -1  0 -1  1 -1  0]
 [-1  1  1  1 -1  1  0]]
65
[[ 0  0  0  0  0  0  0]
 [ 0  0  0  0  0  0  0]
 [ 0  0  0  1  0  0  0]
 [ 1 -1  0 -1 -1  0  0]
 [ 1 -1  0 -1  1 -1  0]
 [-1  1  1  1 -1  1  0]]
66
[[ 0  0  0  0  0  0  0]
 [ 0  0  0  0  0  0  0]
 [ 0  1  0  1  0  0  0]
 [ 1 -1  0 -1 -1  0  0]
 [ 1 -1  0 -1  1 -1  0]
 [-1  1  1  1 -1  1  0]]
67
[[ 0  0  0  0  0  0  0]
 [ 0  0  0  0  0  0  0]
 [ 0  1  0  1  0  0  0]
 [ 1 -1  0 -1 -1 -1  0]
 [ 1 -1  0 -1  1 -1  0]
 [-1  1  1  1 -1  1  0]]
68
[[ 0  0  0  0  0  0  0]
 [ 0  0  0  1  0  0  0]
 [ 0  1  0  1  0  0  0]
 [ 1 -1  0 -1 -1 -1  0]
 [ 1 -1  0 -1  1 -1  0]
 [-1  1  1  1 -1  1  0]]
69
[[ 0  0  0  0  0  0  0]
 [ 0  0  0  1  0  0  0]
 [ 0  1  0  1  0 -1  0]
 [ 1 -1  0 -1 -1 -1  0]
 [ 1 -1  0 -1  1 -1  0]
 [-1  1  1  1 -1  1  0]]
70
[[ 0  0  0  0  0  0  0]
 [ 0  0  0  1  0  1  0]
 [ 0  1  0  1  0 -1  0]
 [ 1 -1  0 -1 -1 -1  0]
 [ 1 -1  0 -1  1 -1  0]
 [-1  1  1  1 -1  1  0]]
71
[[ 0  0  0  0  0  0  0]
 [ 0  0  0  1  0  1  0]
 [-1  1  0  1  0 -1  0]
 [ 1 -1  0 -1 -1 -1  0]
 [ 1 -1  0 -1  1 -1  0]
 [-1  1  1  1 -1  1  0]]
72
[[ 0  0  0  0  0  0  0]
 [ 0  0  0  1  0  1  0]
 [-1  1  0  1  0 -1  0]
 [ 1 -1  0 -1 -1 -1  0]
 [ 1 -1  0 -1  1 -1  0]
 [-1  1  1  1 -1  1  1]]
73
[[ 0  0  0  0  0  0  0]
 [ 0 -1  0  1  0  1  0]
 [-1  1  0  1  1 -1  0]
 [ 1 -1  0 -1 -1 -1  0]
 [ 1 -1  0 -1  1 -1  0]
 [-1  1  1  1 -1  1  1]]
74
[[ 0  0  0  0  0  0  0]
 [ 1 -1  0  1 -1  1  0]
 [-1  1  0  1  1 -1  0]
 [ 1 -1  0 -1 -1 -1  0]
 [ 1 -1  0 -1  1 -1  0]
 [-1  1  1  1 -1  1  1]]
75
[[ 0  1  0 -1  0  0  0]
 [ 1 -1  0  1 -1  1  0]
 [-1  1  0  1  1 -1  0]
 [ 1 -1  0 -1 -1 -1  0]
 [ 1 -1  0 -1  1 -1  0]
 [-1  1  1  1 -1  1  1]]
76
[[ 0  0  0  0  0  0  0]
 [ 0  0  0  0  0  0  0]
 [ 0  0  0  0  0  0  0]
 [ 0  0  0  0  0  0  0]
 [ 0 -1  0  0  0  0  0]
 [ 1  1  0 -1  0  0  0]]
[[ 0  0  0  0  0  0  0]
 [ 0  0  0  0  0  0  0]
 [ 0  0  0  0  0  0  0]
 [ 0  0  0  0  0  0  0]
 [ 0 -1  0  0  0  0  0]
 [ 1  1  0 -1  0  0  0]]
77
[[ 0  0  0  0  0  0  0]
 [ 0  0  0  0  0  0  0]
 [ 0  0  0  0  0  0  0]
 [ 0  0  0  0  0  0  0]
 [ 0 -1  0  1  0  0  0]
 [ 1  1  0 -1  0  0  0]]
[[ 0  0  0  0  0  0  0]
 [ 0  0  0  0  0  0  0]
 [ 0  0  0  0  0  0  0]
 [ 0  0  0  0  0  0  0]
 [ 0 -1  0  1  0  0  0]
 [ 1  1  0 -1  0  0  0]]
78
[[ 0  0  0  0  0  0  0]
 [ 0  0  0  0  0  0  0]
 [ 0  0  0  0  0  0  0]
 [ 0  0  0 -1  0  0  0]
 [ 1 -1  0  1  0  0  0]
 [ 1  1  0 -1  0  0  0]]
[[ 0  0  0  0  0  0  0]
 [ 0  0  0  0  0  0  0]
 [ 0  0  0  0  0  0  0]
 [ 0  0  0 -1  0  0  0]
 [ 1 -1  0  1  0  0  0]
 [ 1  1  0 -1  0  0  0]]
79
[[ 0  0  0  0  0  0  0]
 [ 0  0  0  0  0  0  0]
 [ 0  0  0 -1  0  0  0]
 [ 0  0  0 -1  0  0  0]
 [ 1 -1  0  1  0  0  0]
 [ 1  1  0 -1  0  0  0]]
[[ 0  0  0  0  0  0  0]
 [ 0  0  0  0  0  0  0]
 [ 0  0  0 -1  0  0  0]
 [ 0  0  0 -1  0  0  0]
 [ 1 -1  0  1  0  0  0]
 [ 1  1  0 -1  0  0  0]]
80
[[ 0  0  0  0  0  0  0]
 [ 0  0  0  0  0  0  0]
 [ 0  0  0 -1  0  0  0]
 [ 1  0  0 -1  0  0  0]
 [ 1 -1  0  1  0  0  0]
 [ 1  1  0 -1  0  0  0]]
[[ 0  0  0  0  0  0  0]
 [ 0  0  0  0  0  0  0]
 [ 0  0  0 -1  0  0  0]
 [ 1  0  0 -1  0  0  0]
 [ 1 -1  0  1  0  0  0]
 [ 1  1  0 -1  0  0  0]]
81
[[ 0  0  0  0  0  0  0]
 [ 0  0  0  0  0  0  0]
 [-1  0  0 -1  0  0  0]
 [ 1  0  0 -1  0  0  0]
 [ 1 -1  0  1  0  0  0]
 [ 1  1  0 -1  0  0  0]]
82
[[ 0  0  0  0  0  0  0]
 [ 0  0  0  0  0  0  0]
 [-1  0  0 -1  0  0  0]
 [ 1  0  0 -1  0  0  0]
 [ 1 -1  0  1  0  0  0]
 [ 1  1  0 -1  1  0  0]]
83
[[ 0  0  0  0  0  0  0]
 [ 0  0  0  1  0  0  0]
 [-1  0  0 -1  0  0  0]
 [ 1 -1  0 -1  0  0  0]
 [ 1 -1  0  1  0  0  0]
 [ 1  1  0 -1  1  0  0]]
84
[[ 0  0  0  0  0  0  0]
 [ 0  0  0  1  0  0  0]
 [-1 -1  0 -1  0  0  0]
 [ 1 -1  0 -1  0  0  0]
 [ 1 -1  0  1  0  0  0]
 [ 1  1  0 -1  1  0  0]]
85
[[ 0  0  0  0  0  0  0]
 [ 0  1  0  1  0  0  0]
 [-1 -1  0 -1  0  0  0]
 [ 1 -1  0 -1  0  0  0]
 [ 1 -1  0  1 -1  0  0]
 [ 1  1  0 -1  1  0  1]]
86
[[ 0  0  0  0  0  0  0]
 [ 0  1  0  1  0  0  0]
 [-1 -1  0 -1  0  0  0]
 [ 1 -1  0 -1 -1  0  0]
 [ 1 -1  0  1 -1  0  1]
 [ 1  1  0 -1  1  0  1]]
87
[[ 0  0  0  0  0  0  0]
 [ 0  1  0  1  1  0  0]
 [-1 -1  0 -1 -1  0  0]
 [ 1 -1  0 -1 -1  0  0]
 [ 1 -1  0  1 -1  0  1]
 [ 1  1  0 -1  1  0  1]]
88
[[ 0 -1  0  0  0  0  0]
 [ 0  1  0  1  1  0  0]
 [-1 -1  0 -1 -1  0  0]
 [ 1 -1  0 -1 -1  0  1]
 [ 1 -1  0  1 -1  0  1]
 [ 1  1  0 -1  1  0  1]]
89
[[ 0 -1  0  0  0  0  0]
 [ 0  1  0  1  1  0  1]
 [-1 -1  0 -1 -1  0 -1]
 [ 1 -1  0 -1 -1  0  1]
 [ 1 -1  0  1 -1  0  1]
 [ 1  1  0 -1  1  0  1]]
90
[[ 0 -1  0  0  0  0 -1]
 [ 0  1  0  1  1  0  1]
 [-1 -1  0 -1 -1  0 -1]
 [ 1 -1  0 -1 -1  0  1]
 [ 1 -1  0  1 -1  0  1]
 [ 1  1  0 -1  1  1  1]]
91
[[ 0  0  0  0  0  0  0]
 [ 0  0  0  0  0  0  0]
 [ 0  0  0  0  0  0  0]
 [ 0  0  0  0  0  0  0]
 [ 0 -1  0  0  0  0  0]
 [ 1  1  0 -1  0  0  0]]
[[ 0  0  0  0  0  0  0]
 [ 0  0  0  0  0  0  0]
 [ 0  0  0  0  0  0  0]
 [ 0  0  0  0  0  0  0]
 [ 0 -1  0  0  0  0  0]
 [ 1  1  0 -1  0  0  0]]
92
[[ 0  0  0  0  0  0  0]
 [ 0  1  0  0  0  0  0]
 [ 0 -1  0  0  0  0  0]
 [ 0  1  0  0  0  0  0]
 [ 0 -1  0 -1  0  0  0]
 [ 1  1  0 -1  0  0  0]]
[[ 0  0  0  0  0  0  0]
 [ 0  1  0  0  0  0  0]
 [ 0 -1  0  0  0  0  0]
 [ 0  1  0  0  0  0  0]
 [ 0 -1  0 -1  0  0  0]
 [ 1  1  0 -1  0  0  0]]
93
[[ 0  0  0  0  0  0  0]
 [ 0  1  0  0  0  0  0]
 [ 0 -1  0  0  0  0  0]
 [ 0  1  0  0  0  0  0]
 [ 1 -1  0 -1  0  0  0]
 [ 1  1  0 -1  0  0  0]]
[[ 0  0  0  0  0  0  0]
 [ 0  1  0  0  0  0  0]
 [ 0 -1  0  0  0  0  0]
 [ 0  1  0  0  0  0  0]
 [ 1 -1  0 -1  0  0  0]
 [ 1  1  0 -1  0  0  0]]
94
[[ 0  0  0  0  0  0  0]
 [ 0  1  0  0  0  0  0]
 [ 0 -1  0  0  0  0  0]
 [ 0  1  0 -1  0  0  0]
 [ 1 -1  0 -1  0  0  0]
 [ 1  1  0 -1  0  0  0]]
95
[[ 0  0  0  0  0  0  0]
 [ 0  0  0  0  0  0  0]
 [ 0  0  0  0  0  0  0]
 [ 0  0  0  0  0  0  0]
 [ 0 -1  0  0  0  0  0]
 [ 0  1 -1  1  0  0  0]]
[[ 0  0  0  0  0  0  0]
 [ 0  0  0  0  0  0  0]
 [ 0  0  0  0  0  0  0]
 [ 0  0  0  0  0  0  0]
 [ 0 -1  0  0  0  0  0]
 [ 0  1 -1  1  0  0  0]]
96
[[ 0  0  0  0  0  0  0]
 [ 0  0  0  0  0  0  0]
 [ 0  0  0  0  0  0  0]
 [ 0  0 -1  0  0  0  0]
 [ 0 -1  1  0  0  0  0]
 [ 0  1 -1  1  0  0  0]]
[[ 0  0  0  0  0  0  0]
 [ 0  0  0  0  0  0  0]
 [ 0  0  0  0  0  0  0]
 [ 0  0 -1  0  0  0  0]
 [ 0 -1  1  0  0  0  0]
 [ 0  1 -1  1  0  0  0]]
97
[[ 0  0  0  0  0  0  0]
 [ 0  0  0  0  0  0  0]
 [ 0  0  0  0  0  0  0]
 [ 0  1 -1  0  0  0  0]
 [ 0 -1  1  0  0  0  0]
 [ 0  1 -1  1  0  0  0]]
[[ 0  0  0  0  0  0  0]
 [ 0  0  0  0  0  0  0]
 [ 0  0  0  0  0  0  0]
 [ 0  1 -1  0  0  0  0]
 [ 0 -1  1  0  0  0  0]
 [ 0  1 -1  1  0  0  0]]
98
[[ 0  0  0  0  0  0  0]
 [ 0  0  0  0  0  0  0]
 [ 0  0 -1  0  0  0  0]
 [ 0  1 -1  0  0  0  0]
 [ 0 -1  1  0  0  0  0]
 [ 1  1 -1  1  0  0  0]]
[[ 0  0  0  0  0  0  0]
 [ 0  0  0  0  0  0  0]
 [ 0  0 -1  0  0  0  0]
 [ 0  1 -1  0  0  0  0]
 [ 0 -1  1  0  0  0  0]
 [ 1  1 -1  1  0  0  0]]
99
[[ 0  0  0  0  0  0  0]
 [ 0  0  0  0  0  0  0]
 [ 0 -1 -1  0  0  0  0]
 [ 0  1 -1  0  0  0  0]
 [ 0 -1  1  1  0  0  0]
 [ 1  1 -1  1  0  0  0]]
100
[[ 0  0  0  0  0  0  0]
 [ 0  1  0  0  0  0  0]
 [ 0 -1 -1  0  0  0  0]
 [ 0  1 -1 -1  0  0  0]
 [ 0 -1  1  1  0  0  0]
 [ 1  1 -1  1  0  0  0]]
101
[[ 0  0  0  0  0  0  0]
 [ 0  1 -1  0  0  0  0]
 [ 0 -1 -1  0  0  0  0]
 [ 0  1 -1 -1  0  0  0]
 [ 0 -1  1  1  0  0  0]
 [ 1  1 -1  1  0  0  0]]
102
[[ 0  0  1  0  0  0  0]
 [ 0  1 -1  0  0  0  0]
 [ 0 -1 -1  0  0  0  0]
 [ 0  1 -1 -1  0  0  0]
 [ 0 -1  1  1  0  0  0]
 [ 1  1 -1  1  0  0  0]]
103
[[ 0  0  1  0  0  0  0]
 [ 0  1 -1  0  0  0  0]
 [ 0 -1 -1 -1  0  0  0]
 [ 0  1 -1 -1  0  0  0]
 [ 0 -1  1  1  0  0  0]
 [ 1  1 -1  1  0  0  0]]
104
[[ 0  0  1  0  0  0  0]
 [ 0  1 -1  0  0  0  0]
 [ 0 -1 -1 -1  0  0  0]
 [ 0  1 -1 -1  0  0  0]
 [ 0 -1  1  1  0  0  0]
 [ 1  1 -1  1  0  0  1]]
105
[[ 0 -1  1  0  0  0  0]
 [ 0  1 -1  0  0  0  0]
 [ 0 -1 -1 -1  0  0  0]
 [ 0  1 -1 -1  0  0  0]
 [ 0 -1  1  1  0  0  1]
 [ 1  1 -1  1  0  0  1]]
106
[[ 0 -1  1  1  0  0  0]
 [ 0  1 -1 -1  0  0  0]
 [ 0 -1 -1 -1  0  0  0]
 [ 0  1 -1 -1  0  0  0]
 [ 0 -1  1  1  0  0  1]
 [ 1  1 -1  1  0  0  1]]
107
[[ 0 -1  1  1  0  0  0]
 [ 0  1 -1 -1  0  0  0]
 [ 0 -1 -1 -1  0  0  0]
 [ 0  1 -1 -1  0  0  1]
 [ 0 -1  1  1  0  0  1]
 [ 1  1 -1  1 -1  0  1]]
108
[[ 0 -1  1  1  0  0  0]
 [ 0  1 -1 -1  0  0  0]
 [ 0 -1 -1 -1  0  0 -1]
 [ 0  1 -1 -1  0  0  1]
 [ 0 -1  1  1  0  0  1]
 [ 1  1 -1  1 -1  1  1]]
109
[[ 0 -1  1  1  0  0  0]
 [ 0  1 -1 -1  0  0  0]
 [ 0 -1 -1 -1  0  0 -1]
 [ 0  1 -1 -1  0  0  1]
 [ 1 -1  1  1  0 -1  1]
 [ 1  1 -1  1 -1  1  1]]
110
[[ 0  0  0  0  0  0  0]
 [ 0  0  0  0  0  0  0]
 [ 0  0 -1  0  0  0  0]
 [ 0  0 -1  0  0  0  0]
 [ 0  0  1  1  0  1  0]
 [ 0  0 -1  1  0  1 -1]]
[[ 0  0  0  0  0  0  0]
 [ 0  0  0  0  0  0  0]
 [ 0  0 -1  0  0  0  0]
 [ 0  0 -1  0  0  0  0]
 [ 0  0  1  1  0  1  0]
 [ 0  0 -1  1  0  1 -1]]
111
[[ 0  0  0  0  0  0  0]
 [ 0  0  0  0  0  0  0]
 [ 0  0 -1  0  0  0  0]
 [ 0  0 -1 -1  0  1  0]
 [ 0  0  1  1 -1  1  0]
 [ 0  0 -1  1  1  1 -1]]
112
[[ 0  0  0  0  0  0  0]
 [ 0  0  0  0  0  0  0]
 [ 0  0 -1  0  0 -1  0]
 [ 0  0 -1 -1  0  1  0]
 [ 0  0  1  1 -1  1  0]
 [ 0  0 -1  1  1  1 -1]]
113
[[ 0  0  0  0  0  0  0]
 [ 0  0  0  0  0  0  0]
 [ 0  0 -1 -1  0 -1  0]
 [ 0  0 -1 -1  0  1  0]
 [ 0  0  1  1 -1  1  0]
 [ 1  0 -1  1  1  1 -1]]
114
[[ 0  0  0  0  0  0  0]
 [ 0  0  0  0  0  0  0]
 [ 0  0 -1 -1  0 -1  0]
 [ 0  0 -1 -1  0  1  0]
 [ 1  0  1  1 -1  1  0]
 [ 1  0 -1  1  1  1 -1]]
115
[[ 0  0  0  1  0  0  0]
 [ 0  0  0 -1  0  0  0]
 [ 0  0 -1 -1  0 -1  0]
 [ 0  0 -1 -1  0  1  0]
 [ 1  0  1  1 -1  1  0]
 [ 1  0 -1  1  1  1 -1]]
116
[[ 0  0  1  1  0  0  0]
 [ 0  0 -1 -1  0  0  0]
 [ 0  0 -1 -1  0 -1  0]
 [ 0  0 -1 -1  0  1  0]
 [ 1  0  1  1 -1  1  0]
 [ 1  0 -1  1  1  1 -1]]
117
[[ 0  0  1  1  0  0  0]
 [ 0  0 -1 -1  0  0  0]
 [ 0  0 -1 -1  1 -1  0]
 [ 0  0 -1 -1 -1  1  0]
 [ 1  0  1  1 -1  1  0]
 [ 1  0 -1  1  1  1 -1]]
118
[[ 0  0  0  0  0  0  0]
 [ 0  0  0  0  0  0  0]
 [ 0  0  0  0  0  0  0]
 [ 0  0  0  0  0  0  0]
 [ 0 -1  0  0  0  0  0]
 [ 0  1  0 -1  0  0  1]]
[[ 0  0  0  0  0  0  0]
 [ 0  0  0  0  0  0  0]
 [ 0  0  0  0  0  0  0]
 [ 0  0  0  0  0  0  0]
 [ 0 -1  0  0  0  0  0]
 [ 0  1  0 -1  0  0  1]]
119
[[ 0  0  0  0  0  0  0]
 [ 0  0  0  0  0  0  0]
 [ 0  0  0  0  0  0  0]
 [ 0  1  0 -1  0  0  0]
 [ 0 -1  0  1  0  0  0]
 [ 0  1  0 -1  0  0  1]]
[[ 0  0  0  0  0  0  0]
 [ 0  0  0  0  0  0  0]
 [ 0  0  0  0  0  0  0]
 [ 0  1  0 -1  0  0  0]
 [ 0 -1  0  1  0  0  0]
 [ 0  1  0 -1  0  0  1]]
120
[[ 0  0  0  0  0  0  0]
 [ 0  0  0  0  0  0  0]
 [ 0  0  0 -1  0  0  0]
 [ 0  1  0 -1  0  0  0]
 [ 0 -1  0  1  0  0  0]
 [ 0  1  0 -1  0  0  1]]
[[ 0  0  0  0  0  0  0]
 [ 0  0  0  0  0  0  0]
 [ 0  0  0 -1  0  0  0]
 [ 0  1  0 -1  0  0  0]
 [ 0 -1  0  1  0  0  0]
 [ 0  1  0 -1  0  0  1]]
121
[[ 0  0  0  0  0  0  0]
 [ 0  0  0 -1  0  0  0]
 [ 0  1  0 -1  0  0  0]
 [ 0  1  0 -1  0  0  0]
 [ 0 -1  0  1  0  0  0]
 [ 0  1  0 -1  0  0  1]]
122
[[ 0  0  0  1  0  0  0]
 [ 0  0  0 -1  0  0  0]
 [ 0  1  0 -1  0  0  0]
 [ 0  1  0 -1  0  0  0]
 [ 0 -1  0  1  0  0  0]
 [ 0  1 -1 -1  1  0  1]]
123
[[ 0  0  0  1  0  0  0]
 [ 0  1  0 -1  0  0  0]
 [ 0  1  0 -1  0  0  0]
 [ 0  1  0 -1  0  0  0]
 [ 0 -1  0  1 -1  0  0]
 [ 0  1 -1 -1  1  0  1]]
124
[[ 0 -1  0  1  0  0  0]
 [ 0  1  0 -1  0  0  0]
 [ 0  1  0 -1  0  0  0]
 [ 0  1  0 -1  0  0  0]
 [ 0 -1  0  1 -1  0  0]
 [ 0  1 -1 -1  1  0  1]]
125
[[ 0 -1  0  1  0  0  0]
 [ 0  1  0 -1  0  0  0]
 [ 0  1  0 -1  0  0  0]
 [ 0  1  0 -1 -1  0  0]
 [ 0 -1  0  1 -1  0  0]
 [ 1  1 -1 -1  1  0  1]]
126
[[ 0 -1  0  1  0  0  0]
 [ 0  1  0 -1  0  0  0]
 [ 0  1  0 -1  1  0  0]
 [ 0  1  0 -1 -1  0  0]
 [ 0 -1  0  1 -1  0  0]
 [ 1  1 -1 -1  1  0  1]]
127
[[ 0 -1  0  1  0  0  0]
 [ 0  1  0 -1 -1  0  0]
 [ 0  1  0 -1  1  0  0]
 [ 0  1  0 -1 -1  0  0]
 [ 0 -1  0  1 -1  0  0]
 [ 1  1 -1 -1  1  0  1]]
128
[[ 0 -1  0  1  1  0  0]
 [ 0  1  0 -1 -1  0  0]
 [ 0  1  0 -1  1  0  0]
 [ 0  1  0 -1 -1  0  0]
 [ 0 -1  0  1 -1  0  0]
 [ 1  1 -1 -1  1  0  1]]
129
[[ 0 -1  0  1  1  0  0]
 [ 0  1  0 -1 -1  0  0]
 [ 0  1  0 -1  1  0  0]
 [ 0  1  0 -1 -1  0  1]
 [ 0 -1  0  1 -1  0 -1]
 [ 1  1 -1 -1  1  0  1]]
130
[[ 0 -1  0  1  1  0  0]
 [ 0  1  0 -1 -1  0  0]
 [ 0  1  0 -1  1  0 -1]
 [ 0  1  0 -1 -1  0  1]
 [ 0 -1  0  1 -1  0 -1]
 [ 1  1 -1 -1  1  1  1]]
131
[[ 0 -1  0  1  1  0  0]
 [ 0  1  0 -1 -1  0  0]
 [ 0  1  0 -1  1  0 -1]
 [ 1  1  0 -1 -1  0  1]
 [-1 -1  0  1 -1  0 -1]
 [ 1  1 -1 -1  1  1  1]]
132
[[ 0 -1  0  1  1  0  0]
 [ 0  1  0 -1 -1  0  1]
 [-1  1  0 -1  1  0 -1]
 [ 1  1  0 -1 -1  0  1]
 [-1 -1  0  1 -1  0 -1]
 [ 1  1 -1 -1  1  1  1]]
133
[[ 0 -1  0  1  1  0 -1]
 [ 1  1  0 -1 -1  0  1]
 [-1  1  0 -1  1  0 -1]
 [ 1  1  0 -1 -1  0  1]
 [-1 -1  0  1 -1  0 -1]
 [ 1  1 -1 -1  1  1  1]]
134
[[ 0  0  0  0  0  0  0]
 [ 0  0  0  0  0  0  0]
 [ 0  0  0  0  0  0  0]
 [ 0  0  0  0  0  0  0]
 [ 0 -1  0  0  0  0  0]
 [ 0  1  1 -1  0  0  0]]
[[ 0  0  0  0  0  0  0]
 [ 0  0  0  0  0  0  0]
 [ 0  0  0  0  0  0  0]
 [ 0  0  0  0  0  0  0]
 [ 0 -1  0  0  0  0  0]
 [ 0  1  1 -1  0  0  0]]
135
[[ 0  0  0  0  0  0  0]
 [ 0  0  0  0  0  0  0]
 [ 0  0  0  0  0  0  0]
 [ 0  0  0  0  0  0  0]
 [ 0 -1  0  0  0  0  0]
 [ 0  1  1 -1  1  0  0]]
[[ 0  0  0  0  0  0  0]
 [ 0  0  0  0  0  0  0]
 [ 0  0  0  0  0  0  0]
 [ 0  0  0  0  0  0  0]
 [ 0 -1  0  0  0  0  0]
 [ 0  1  1 -1  1  0  0]]
136
[[ 0  0  0  0  0  0  0]
 [ 0  0  0  0  0  0  0]
 [ 0  0  0  0  0  0  0]
 [ 0  0  0  0  0  0  0]
 [ 0 -1  1  0 -1  0  0]
 [ 0  1  1 -1  1  0  0]]
[[ 0  0  0  0  0  0  0]
 [ 0  0  0  0  0  0  0]
 [ 0  0  0  0  0  0  0]
 [ 0  0  0  0  0  0  0]
 [ 0 -1  1  0 -1  0  0]
 [ 0  1  1 -1  1  0  0]]
137
[[ 0  0  0  0  0  0  0]
 [ 0  0  0  0  0  0  0]
 [ 0  0  0  0  0  0  0]
 [ 0  0 -1  0  0  0  0]
 [ 0 -1  1  0 -1  0  0]
 [ 0  1  1 -1  1  0  0]]
[[ 0  0  0  0  0  0  0]
 [ 0  0  0  0  0  0  0]
 [ 0  0  0  0  0  0  0]
 [ 0  0 -1  0  0  0  0]
 [ 0 -1  1  0 -1  0  0]
 [ 0  1  1 -1  1  0  0]]
138
[[ 0  0  0  0  0  0  0]
 [ 0  0  0  0  0  0  0]
 [ 0  0  0  0  0  0  0]
 [ 0  0 -1  0  0  0  0]
 [ 0 -1  1  0 -1  0  0]
 [ 0  1  1 -1  1  0  1]]
[[ 0  0  0  0  0  0  0]
 [ 0  0  0  0  0  0  0]
 [ 0  0  0  0  0  0  0]
 [ 0  0 -1  0  0  0  0]
 [ 0 -1  1  0 -1  0  0]
 [ 0  1  1 -1  1  0  1]]
139
[[ 0  0  0  0  0  0  0]
 [ 0  0  0  0  0  0  0]
 [ 0  0 -1  0  0  0  0]
 [ 0  0 -1  0  0  0  0]
 [ 0 -1  1  0 -1  0  0]
 [ 0  1  1 -1  1  0  1]]
140
[[ 0  0  0  0  0  0  0]
 [ 0  0  0  0  0  0  0]
 [ 0  0 -1  0  0  0  0]
 [ 0  0 -1  0  0  0  0]
 [ 0 -1  1  1 -1  0  0]
 [ 0  1  1 -1  1  0  1]]
141
[[ 0  0  1  0  0  0  0]
 [ 0  0 -1  0  0  0  0]
 [ 0  0 -1  0  0  0  0]
 [ 0  0 -1  0  0  0  0]
 [ 0 -1  1  1 -1  0  0]
 [ 0  1  1 -1  1  0  1]]
142
[[ 0  0  1  0  0  0  0]
 [ 0  0 -1  0  0  0  0]
 [ 0  0 -1  0  0  0  0]
 [ 0  0 -1 -1  0  0  0]
 [ 0 -1  1  1 -1  0  0]
 [ 0  1  1 -1  1  1  1]]
143
[[ 0  0  1  0  0  0  0]
 [ 0  0 -1  0  0  0  0]
 [ 0  0 -1 -1  0  0  0]
 [ 0  0 -1 -1  0  0  0]
 [ 0 -1  1  1 -1  0  0]
 [ 1  1  1 -1  1  1  1]]
144
[[ 0  0  1  1  0  0  0]
 [ 0  0 -1 -1  0  0  0]
 [ 0  0 -1 -1  0  0  0]
 [ 0  0 -1 -1  0  0  0]
 [ 0 -1  1  1 -1  0  0]
 [ 1  1  1 -1  1  1  1]]
145
[[ 0  0  0  0  0  0  0]
 [ 0  0  0  0  0  0  0]
 [ 0  0  0  0  0  0  0]
 [ 0  0  0  0  0  0  0]
 [ 0  0  0  0  0  0  0]
 [ 0  0  0 -1  1  0  1]]
[[ 0  0  0  0  0  0  0]
 [ 0  0  0  0  0  0  0]
 [ 0  0  0  0  0  0  0]
 [ 0  0  0  0  0  0  0]
 [ 0  0  0  0  0  0  0]
 [ 0  0  0 -1  1  0  1]]
146
[[ 0  0  0  0  0  0  0]
 [ 0  0  0  0  0  0  0]
 [ 0  0  0  0  0  0  0]
 [ 0  0  0  0  0  0  0]
 [ 0  0  0  0  0  0  0]
 [ 0 -1  0 -1  1  0  1]]
[[ 0  0  0  0  0  0  0]
 [ 0  0  0  0  0  0  0]
 [ 0  0  0  0  0  0  0]
 [ 0  0  0  0  0  0  0]
 [ 0  0  0  0  0  0  0]
 [ 0 -1  0 -1  1  0  1]]
147
[[ 0  0  0  0  0  0  0]
 [ 0  0  0  0  0  0  0]
 [ 0  0  0  0  0  0  0]
 [ 0  1  0  0  0  0  0]
 [ 0 -1  0 -1  0  0  0]
 [ 0 -1  0 -1  1  1  1]]
[[ 0  0  0  0  0  0  0]
 [ 0  0  0  0  0  0  0]
 [ 0  0  0  0  0  0  0]
 [ 0  1  0  0  0  0  0]
 [ 0 -1  0 -1  0  0  0]
 [ 0 -1  0 -1  1  1  1]]
148
[[ 0  0  0  0  0  0  0]
 [ 0  0  0  0  0  0  0]
 [ 0  0  0  0  0  0  0]
 [ 0  1  0 -1  0  0  0]
 [ 0 -1  0 -1  0  0  0]
 [ 1 -1  0 -1  1  1  1]]
149
[[ 0  0  0  0  0  0  0]
 [ 0  0  0 -1  0  0  0]
 [ 0  0  0  1  0  0  0]
 [ 0  1  0 -1  0  0  0]
 [ 0 -1  0 -1  0  1  0]
 [ 1 -1  0 -1  1  1  1]]
150
[[ 0  0  0  0  0  0  0]
 [ 0  0  0 -1  0  0  0]
 [ 0 -1  0  1  0  0  0]
 [ 0  1  0 -1  0  0  0]
 [ 0 -1  0 -1  1  1  0]
 [ 1 -1  0 -1  1  1  1]]
151
[[ 0  0  0  0  0  0  0]
 [ 0  0  0 -1  0  0  0]
 [ 0 -1  0  1  0  0  0]
 [ 0  1  0 -1 -1  0  0]
 [ 0 -1  0 -1  1  1  0]
 [ 1 -1  0 -1  1  1  1]]
152
[[ 0  0  0  0  0  0  0]
 [ 0  0  0 -1  0  0  0]
 [ 0 -1  0  1  1  0  0]
 [ 0  1  0 -1 -1  0  0]
 [ 0 -1  0 -1  1  1  0]
 [ 1 -1  0 -1  1  1  1]]
153
[[ 0  0  0 -1  0  0  0]
 [ 0  0  0 -1  0  0  0]
 [ 0 -1  0  1  1  0  0]
 [ 0  1  0 -1 -1  0  0]
 [ 0 -1  0 -1  1  1  1]
 [ 1 -1  0 -1  1  1  1]]
154
[[ 0  0  0 -1  0  0  0]
 [ 0  0  0 -1  0  0  0]
 [ 0 -1  0  1  1  0  0]
 [ 0  1  0 -1 -1  1 -1]
 [ 0 -1  0 -1  1  1  1]
 [ 1 -1  0 -1  1  1  1]]
155
[[ 0  0  0 -1 -1  0  0]
 [ 0  0  0 -1  1  0  0]
 [ 0 -1  0  1  1 -1  0]
 [ 0  1  0 -1 -1  1 -1]
 [ 0 -1  0 -1  1  1  1]
 [ 1 -1  1 -1  1  1  1]]
156
[[ 0  0  0 -1 -1  0  0]
 [ 0  0  0 -1  1  0  0]
 [ 0 -1  0  1  1 -1  0]
 [ 0  1  0 -1 -1  1 -1]
 [ 1 -1 -1 -1  1  1  1]
 [ 1 -1  1 -1  1  1  1]]
157
[[ 0  0  0 -1 -1  0  0]
 [ 0  0  0 -1  1  0  0]
 [ 0 -1  0  1  1 -1  0]
 [-1  1  1 -1 -1  1 -1]
 [ 1 -1 -1 -1  1  1  1]
 [ 1 -1  1 -1  1  1  1]]
158
[[ 0  0  0 -1 -1  0  0]
 [ 0  0  1 -1  1  0  0]
 [ 0 -1 -1  1  1 -1  0]
 [-1  1  1 -1 -1  1 -1]
 [ 1 -1 -1 -1  1  1  1]
 [ 1 -1  1 -1  1  1  1]]
159
[[ 0  0 -1 -1 -1  0  0]
 [ 0  0  1 -1  1  0  0]
 [ 1 -1 -1  1  1 -1  0]
 [-1  1  1 -1 -1  1 -1]
 [ 1 -1 -1 -1  1  1  1]
 [ 1 -1  1 -1  1  1  1]]
160
[[ 1  0 -1 -1 -1  0  0]
 [-1  0  1 -1  1  0  0]
 [ 1 -1 -1  1  1 -1  0]
 [-1  1  1 -1 -1  1 -1]
 [ 1 -1 -1 -1  1  1  1]
 [ 1 -1  1 -1  1  1  1]]
161
[[ 1  0 -1 -1 -1  0  0]
 [-1  0  1 -1  1  0  1]
 [ 1 -1 -1  1  1 -1 -1]
 [-1  1  1 -1 -1  1 -1]
 [ 1 -1 -1 -1  1  1  1]
 [ 1 -1  1 -1  1  1  1]]
162
[[ 0  0  0  0  0  0  0]
 [ 0  0  0  0  0  0  0]
 [ 0  0  0  0  0  0  0]
 [ 0  0  0  0  0  0  0]
 [ 0 -1  0  0  0  0  0]
 [ 0  1 -1  1  0  0  0]]
[[ 0  0  0  0  0  0  0]
 [ 0  0  0  0  0  0  0]
 [ 0  0  0  0  0  0  0]
 [ 0  0  0  0  0  0  0]
 [ 0 -1  0  0  0  0  0]
 [ 0  1 -1  1  0  0  0]]
163
[[ 0  0  0  0  0  0  0]
 [ 0  0  0  0  0  0  0]
 [ 0  0  0 -1  0  0  0]
 [ 0  0  0 -1  0  0  0]
 [ 0 -1  0  1  0  0  0]
 [ 0  1 -1  1  0  0  1]]
[[ 0  0  0  0  0  0  0]
 [ 0  0  0  0  0  0  0]
 [ 0  0  0 -1  0  0  0]
 [ 0  0  0 -1  0  0  0]
 [ 0 -1  0  1  0  0  0]
 [ 0  1 -1  1  0  0  1]]
164
[[ 0  0  0  0  0  0  0]
 [ 0  0  0  0  0  0  0]
 [ 0  0  0 -1  0  0  0]
 [ 0  0  0 -1  0  0  0]
 [ 0 -1  0  1  0  0  0]
 [ 0  1 -1  1  1 -1  1]]
165
[[ 0  0  0  0  0  0  0]
 [ 0  0  0  1  0  0  0]
 [ 0  0  0 -1  0  0  0]
 [ 0  0  0 -1  0  0  0]
 [ 0 -1  0  1  0  0  0]
 [ 0  1 -1  1  1 -1  1]]
166
[[ 0  0  0  0  0  0  0]
 [ 0  0  0  1  0  0  0]
 [ 0 -1  0 -1  0  0  0]
 [ 0  1  0 -1  0  0  0]
 [ 0 -1  0  1 -1  0  0]
 [ 0  1 -1  1  1 -1  1]]
167
[[ 0  0  0  0  0  0  0]
 [ 0  0  0  1  0  0  0]
 [ 0 -1  0 -1  0  0  0]
 [ 0  1  0 -1  0  0  0]
 [ 0 -1  0  1 -1  0  1]
 [ 0  1 -1  1  1 -1  1]]
168
[[ 0  0  0  0  0  0  0]
 [ 0  0  0  1  0  0  0]
 [ 0 -1  0 -1  0  0  0]
 [ 0  1  0 -1  0  0  0]
 [ 0 -1 -1  1 -1  0  1]
 [ 1  1 -1  1  1 -1  1]]
169
[[ 0  0  0  0  0  0  0]
 [ 0  0  0  1  0  0  0]
 [ 0 -1  0 -1  0  0  0]
 [ 0  1  0 -1  0  0  0]
 [-1 -1 -1  1 -1  0  1]
 [ 1  1 -1  1  1 -1  1]]
170
[[ 0  0  0  0  0  0  0]
 [ 0  0  0  1  0  0  0]
 [ 0 -1  0 -1  0  0  0]
 [ 0  1  0 -1  0  0  1]
 [-1 -1 -1  1 -1  0  1]
 [ 1  1 -1  1  1 -1  1]]
171
[[ 0  0  0  0  0  0  0]
 [ 0  0  0  1  0  0  0]
 [ 0 -1  0 -1  0  0 -1]
 [ 0  1  0 -1  0  0  1]
 [-1 -1 -1  1 -1  0  1]
 [ 1  1 -1  1  1 -1  1]]
172
[[ 0  0  0  1  0  0  0]
 [ 0  1  0  1  0  0  0]
 [ 0 -1  0 -1  0  0 -1]
 [ 0  1  0 -1 -1  0  1]
 [-1 -1 -1  1 -1  0  1]
 [ 1  1 -1  1  1 -1  1]]
173
[[ 0 -1  0  1  0  0  0]
 [ 0  1  0  1  0  0  0]
 [ 0 -1  0 -1  1  0 -1]
 [ 0  1  0 -1 -1  0  1]
 [-1 -1 -1  1 -1  0  1]
 [ 1  1 -1  1  1 -1  1]]
174
[[ 0  0  0  0  0  0  0]
 [ 0  0  0  0  0  0  0]
 [ 0  0  0  0  0  0  0]
 [ 0  0  0  0  0  0  0]
 [ 0 -1  0  0  0  0  0]
 [ 0  1  1 -1  0  0  0]]
[[ 0  0  0  0  0  0  0]
 [ 0  0  0  0  0  0  0]
 [ 0  0  0  0  0  0  0]
 [ 0  0  0  0  0  0  0]
 [ 0 -1  0  0  0  0  0]
 [ 0  1  1 -1  0  0  0]]
175
[[ 0  0  0  0  0  0  0]
 [ 0  0  0  0  0  0  0]
 [ 0  0  0  0  0  0  0]
 [ 0  0  0  0  0  0  0]
 [ 0 -1  0  0  0  0  0]
 [ 0  1  1 -1  0  0  1]]
[[ 0  0  0  0  0  0  0]
 [ 0  0  0  0  0  0  0]
 [ 0  0  0  0  0  0  0]
 [ 0  0  0  0  0  0  0]
 [ 0 -1  0  0  0  0  0]
 [ 0  1  1 -1  0  0  1]]
176
[[ 0  0  0  0  0  0  0]
 [ 0  0  0  0  0  0  0]
 [ 0  1  0  0  0  0  0]
 [ 0 -1  0  0  0  0  0]
 [ 0 -1  0  1  0  0  0]
 [-1  1  1 -1  0  0  1]]
[[ 0  0  0  0  0  0  0]
 [ 0  0  0  0  0  0  0]
 [ 0  1  0  0  0  0  0]
 [ 0 -1  0  0  0  0  0]
 [ 0 -1  0  1  0  0  0]
 [-1  1  1 -1  0  0  1]]
177
[[ 0  0  0  0  0  0  0]
 [ 0  0  0  0  0  0  0]
 [ 0  1  0  0  0  0  0]
 [ 0 -1  0 -1  0  0  0]
 [ 0 -1  0  1  0  0  1]
 [-1  1  1 -1  0  0  1]]
178
[[ 0  0  0  0  0  0  0]
 [ 0  0  0  0  0  0  0]
 [ 0  1  0  0  0  0  0]
 [ 0 -1  0 -1  0  0  0]
 [ 0 -1  0  1  0  0  1]
 [-1  1  1 -1 -1  0  1]]
179
[[ 0  0  0  0  0  0  0]
 [ 0  0  0  0  0  0  0]
 [ 0  1  0  0  0  0  0]
 [ 0 -1  0 -1  0  0  1]
 [ 0 -1  0  1  0  0  1]
 [-1  1  1 -1 -1  0  1]]
180
[[ 0  0  0  0  0  0  0]
 [ 0  0  0  0  0  0  0]
 [ 0  1  0  0  0  0 -1]
 [ 0 -1  0 -1  0  0  1]
 [ 0 -1  0  1  0  0  1]
 [-1  1  1 -1 -1  0  1]]
181
[[ 0  0  0  0  0  0  0]
 [ 0  0  0  0  0  0  0]
 [ 0  1  0  0  0  0 -1]
 [ 0 -1  0 -1  0  0  1]
 [ 0 -1  0  1  1  0  1]
 [-1  1  1 -1 -1  0  1]]
182
[[ 0  0  0  0  0  0  0]
 [ 0  0  0  0  0  0  0]
 [ 0  1  0  0  0  0 -1]
 [ 0 -1  0 -1 -1  0  1]
 [ 0 -1  0  1  1  0  1]
 [-1  1  1 -1 -1  1  1]]
183
[[ 0  0  0  0  0  0  0]
 [ 0  0  0  0  0  0  0]
 [ 0  1  0  0  0  0 -1]
 [ 0 -1  0 -1 -1  1  1]
 [ 0 -1  0  1  1 -1  1]
 [-1  1  1 -1 -1  1  1]]
184
[[ 0  0  0  0  0  0  0]
 [ 0  0  0  0  0  0  0]
 [ 0  1  0  0  0 -1 -1]
 [ 0 -1  0 -1 -1  1  1]
 [ 0 -1  0  1  1 -1  1]
 [-1  1  1 -1 -1  1  1]]
185
[[ 0  0  0  0  0  0  0]
 [ 0  0  0  0  0  0  0]
 [ 0  1  0  0  1 -1 -1]
 [ 0 -1  0 -1 -1  1  1]
 [ 0 -1  0  1  1 -1  1]
 [-1  1  1 -1 -1  1  1]]
186
[[ 0  0  0  0  0  0  0]
 [ 0  0  0  0 -1  0  0]
 [ 0  1  0  0  1 -1 -1]
 [ 0 -1  0 -1 -1  1  1]
 [ 0 -1  0  1  1 -1  1]
 [-1  1  1 -1 -1  1  1]]
187
[[ 0  0  0  0  0  0  0]
 [ 0  0  0  0 -1  0  0]
 [ 0  1  0  1  1 -1 -1]
 [ 0 -1  0 -1 -1  1  1]
 [ 0 -1  0  1  1 -1  1]
 [-1  1  1 -1 -1  1  1]]
188
[[ 0  0  0  0  0  0  0]
 [ 0  1  0 -1 -1 -1  1]
 [ 0  1  0  1  1 -1 -1]
 [ 0 -1  0 -1 -1  1  1]
 [ 0 -1  0  1  1 -1  1]
 [-1  1  1 -1 -1  1  1]]
189
[[ 0  0  0  0 -1  0  0]
 [ 0  1  0 -1 -1 -1  1]
 [ 0  1  0  1  1 -1 -1]
 [ 0 -1  0 -1 -1  1  1]
 [ 1 -1  0  1  1 -1  1]
 [-1  1  1 -1 -1  1  1]]
190
[[ 0  0  0  0 -1  0 -1]
 [ 0  1  0 -1 -1 -1  1]
 [ 0  1  0  1  1 -1 -1]
 [ 1 -1  0 -1 -1  1  1]
 [ 1 -1  0  1  1 -1  1]
 [-1  1  1 -1 -1  1  1]]
191
[[ 0  0  0  0  0  0  0]
 [ 0  0  0  1  0  0  0]
 [ 0  0  0 -1  0  0  0]
 [ 0  0 -1 -1  0  0  0]
 [ 0  0 -1  1  0  0  0]
 [ 0  0  1 -1  1  1  0]]
192
[[ 0  0  0  0  0  0  0]
 [ 0  0  0  1  0  0  0]
 [ 0  0  0 -1  0  0  0]
 [ 0  0 -1 -1  0  0  0]
 [ 0  0 -1  1  1  0  0]
 [ 0  0  1 -1  1  1  0]]
193
[[ 0  0  0  0  0  0  0]
 [ 0  0  0  1  0  0  0]
 [ 0  0  0 -1  0  0  0]
 [ 0  0 -1 -1 -1  0  0]
 [ 0  0 -1  1  1  0  0]
 [ 0  0  1 -1  1  1  1]]
194
[[ 0  0  0  0  0  0  0]
 [ 0  0  0  1  0  0  0]
 [ 0  0  0 -1  0  0  0]
 [ 0  0 -1 -1 -1  1  0]
 [ 0  0 -1  1  1 -1  0]
 [ 0  0  1 -1  1  1  1]]
195
[[ 0  0  0  0  0  0  0]
 [ 0  0  0  1  0  0  0]
 [ 0  0  0 -1 -1  0  0]
 [ 0  0 -1 -1 -1  1  0]
 [ 0  0 -1  1  1 -1  0]
 [ 0  1  1 -1  1  1  1]]
196
[[ 0  0  0  0  0  0  0]
 [ 0  0  0  0  0  0  0]
 [ 0  0  0  0  0  0  0]
 [ 0  0  0  0  0  0  0]
 [ 0  0  0  0  0  0  0]
 [ 0  0  0 -1  0  0  1]]
[[ 0  0  0  0  0  0  0]
 [ 0  0  0  0  0  0  0]
 [ 0  0  0  0  0  0  0]
 [ 0  0  0  0  0  0  0]
 [ 0  0  0  0  0  0  0]
 [ 0  0  0 -1  0  0  1]]
197
[[ 0  0  0  0  0  0  0]
 [ 0  0  0  0  0  0  0]
 [ 0  0  0  0  0  0  0]
 [ 0  0  0  0  0  0  0]
 [ 0 -1  0  0  0  0  0]
 [ 0  1  0 -1  0  0  1]]
[[ 0  0  0  0  0  0  0]
 [ 0  0  0  0  0  0  0]
 [ 0  0  0  0  0  0  0]
 [ 0  0  0  0  0  0  0]
 [ 0 -1  0  0  0  0  0]
 [ 0  1  0 -1  0  0  1]]
198
[[ 0  0  0  0  0  0  0]
 [ 0  0  0  0  0  0  0]
 [ 0  0  0  0  0  0  0]
 [ 0  0  0  0  0  0  0]
 [ 0 -1  0  0  0  0  0]
 [ 0  1  1 -1  0  0  1]]
[[ 0  0  0  0  0  0  0]
 [ 0  0  0  0  0  0  0]
 [ 0  0  0  0  0  0  0]
 [ 0  0  0  0  0  0  0]
 [ 0 -1  0  0  0  0  0]
 [ 0  1  1 -1  0  0  1]]
199
[[ 0  0  0  0  0  0  0]
 [ 0  0  0  0  0  0  0]
 [ 0  0  0  0  0  0  0]
 [ 0 -1  0  0  0  0  0]
 [ 0 -1  0  0  0  0  0]
 [ 0  1  1 -1  0  0  1]]
[[ 0  0  0  0  0  0  0]
 [ 0  0  0  0  0  0  0]
 [ 0  0  0  0  0  0  0]
 [ 0 -1  0  0  0  0  0]
 [ 0 -1  0  0  0  0  0]
 [ 0  1  1 -1  0  0  1]]
200
[[ 0  0  0  0  0  0  0]
 [ 0  0  0  0  0  0  0]
 [ 0  1  0  0  0  0  0]
 [ 0 -1  0  0  0  0  0]
 [ 0 -1  1  0  0  0  0]
 [-1  1  1 -1  0  0  1]]
[[ 0  0  0  0  0  0  0]
 [ 0  0  0  0  0  0  0]
 [ 0  1  0  0  0  0  0]
 [ 0 -1  0  0  0  0  0]
 [ 0 -1  1  0  0  0  0]
 [-1  1  1 -1  0  0  1]]
201
[[ 0  0  0  0  0  0  0]
 [ 0  0  0  0  0  0  0]
 [ 0  1  0  0  0  0  0]
 [ 0 -1 -1  0  0  0  0]
 [ 0 -1  1  0  0  0  0]
 [-1  1  1 -1  0  0  1]]
202
[[ 0  0  0  0  0  0  0]
 [ 0  1  0  0  0  0  0]
 [ 0  1  0  0  0  0  0]
 [ 0 -1 -1  0  0  0  0]
 [ 0 -1  1  0  0  0  0]
 [-1  1  1 -1  0  0  1]]
203
[[ 0  0  0  0  0  0  0]
 [ 0  1  0  0  0  0  0]
 [ 0  1  0  0  0  0  0]
 [ 0 -1 -1  0  0  0  0]
 [ 0 -1  1 -1  0  0  0]
 [-1  1  1 -1  0  1  1]]
204
[[ 0  0  0  0  0  0  0]
 [ 0  1  0  0  0  0  0]
 [ 0  1  0  0  0  0  0]
 [ 0 -1 -1 -1  0  0  0]
 [ 0 -1  1 -1  0  0  0]
 [-1  1  1 -1  0  1  1]]
205
[[ 0  0  0  0  0  0  0]
 [ 0  1  0  1  0  0  0]
 [ 0  1  0  1  0  0  0]
 [ 0 -1 -1 -1  0  0  0]
 [ 0 -1  1 -1  0 -1  0]
 [-1  1  1 -1  0  1  1]]
206
[[ 0  0  0  0  0  0  0]
 [ 0  1  0  1  0  0  0]
 [ 0  1  0  1  0  0  0]
 [ 0 -1 -1 -1  0 -1  0]
 [ 0 -1  1 -1  0 -1  0]
 [-1  1  1 -1  0  1  1]]
207
[[ 0  0  0  0  0  0  0]
 [ 0  1  0  1  0  0  0]
 [ 0  1  0  1  0  0  0]
 [ 0 -1 -1 -1  0 -1  0]
 [ 0 -1  1 -1  0 -1  0]
 [-1  1  1 -1  1  1  1]]
208
[[ 0  0  0  0  0  0  0]
 [ 0  1  0  1  0  0  0]
 [ 0  1  0  1  0  1  0]
 [ 0 -1 -1 -1  0 -1  0]
 [ 0 -1  1 -1  0 -1 -1]
 [-1  1  1 -1  1  1  1]]
209
[[ 0  0  0  0  0  0  0]
 [ 0  0  0  0  0  0  0]
 [ 0  0  0 -1  0  0  0]
 [ 0  0  1 -1  0  0  0]
 [ 0  0 -1  1  0  0  0]
 [ 0  0  1 -1  1  0  0]]
[[ 0  0  0  0  0  0  0]
 [ 0  0  0  0  0  0  0]
 [ 0  0  0 -1  0  0  0]
 [ 0  0  1 -1  0  0  0]
 [ 0  0 -1  1  0  0  0]
 [ 0  0  1 -1  1  0  0]]
210
[[ 0  0  0  0  0  0  0]
 [ 0  0  1  1  0  0  0]
 [ 0  0  1 -1  0  0  0]
 [ 0  0  1 -1 -1  0  0]
 [ 0  0 -1  1 -1  0  0]
 [ 0  0  1 -1  1  0  0]]
211
[[ 0  0 -1  0  0  0  0]
 [ 0  0  1  1  0  0  0]
 [ 0  0  1 -1  0  0  0]
 [ 0  0  1 -1 -1  0  0]
 [ 0  0 -1  1 -1  0  0]
 [ 0  0  1 -1  1  0  0]]
212
[[ 0  0 -1  0  0  0  0]
 [ 0  0  1  1  0  0  0]
 [ 0  0  1 -1  1  0  0]
 [ 0  0  1 -1 -1  0  0]
 [ 0  0 -1  1 -1  0  0]
 [ 0  0  1 -1  1  0 -1]]
213
[[ 0  0 -1  0  0  0  0]
 [ 0  0  1  1  0  0  0]
 [ 0  0  1 -1  1  0  0]
 [ 0  0  1 -1 -1  0  0]
 [ 0  0 -1  1 -1  0  0]
 [ 0  1  1 -1  1  0 -1]]
214
[[ 0  0 -1  0  0  0  0]
 [ 0  0  1  1  0  0  0]
 [ 0  0  1 -1  1  0  0]
 [ 0  0  1 -1 -1  0  0]
 [ 0  0 -1  1 -1  1  0]
 [ 0  1  1 -1  1 -1 -1]]
215
[[ 0  0 -1  0  0  0  0]
 [ 0  0  1  1  0  0  0]
 [ 0  0  1 -1  1  0  0]
 [ 0  0  1 -1 -1 -1  0]
 [ 0  1 -1  1 -1  1  0]
 [ 0  1  1 -1  1 -1 -1]]
216
[[ 0  0  0  0  0  0  0]
 [ 0  0  0  0  0  0  0]
 [ 0  0  0  0  0  0  0]
 [ 0  0  0  0  0  0  0]
 [ 0 -1  0  0  0  0  0]
 [ 0  1 -1  1  0  0  0]]
[[ 0  0  0  0  0  0  0]
 [ 0  0  0  0  0  0  0]
 [ 0  0  0  0  0  0  0]
 [ 0  0  0  0  0  0  0]
 [ 0 -1  0  0  0  0  0]
 [ 0  1 -1  1  0  0  0]]
217
[[ 0  0  0  0  0  0  0]
 [ 0  0  0  0  0  0  0]
 [ 0  0  0  0  0  0  0]
 [ 0  0 -1  0  0  0  0]
 [ 0 -1  1  0  0  0  0]
 [ 0  1 -1  1  0  0  0]]
[[ 0  0  0  0  0  0  0]
 [ 0  0  0  0  0  0  0]
 [ 0  0  0  0  0  0  0]
 [ 0  0 -1  0  0  0  0]
 [ 0 -1  1  0  0  0  0]
 [ 0  1 -1  1  0  0  0]]
218
[[ 0  0  0  0  0  0  0]
 [ 0  0  0  0  0  0  0]
 [ 0  0  0  0  0  0  0]
 [ 0  1 -1  0  0  0  0]
 [ 0 -1  1  0  0  0  0]
 [ 0  1 -1  1  0  0  0]]
[[ 0  0  0  0  0  0  0]
 [ 0  0  0  0  0  0  0]
 [ 0  0  0  0  0  0  0]
 [ 0  1 -1  0  0  0  0]
 [ 0 -1  1  0  0  0  0]
 [ 0  1 -1  1  0  0  0]]
219
[[ 0  0  0  0  0  0  0]
 [ 0  0  0  0  0  0  0]
 [ 0 -1 -1  0  0  0  0]
 [ 0  1 -1  0  0  0  0]
 [ 0 -1  1  0  0  0  0]
 [ 1  1 -1  1  0  1  0]]
220
[[ 0  0  0  0  0  0  0]
 [ 0  0  0  0  0  0  0]
 [ 0 -1 -1  0  0  0  0]
 [ 0  1 -1  0  0  0  0]
 [ 0 -1  1 -1  0  0  0]
 [ 1  1 -1  1  1  1  0]]
221
[[ 0  0  0  0  0  0  0]
 [ 0  0 -1  0  0  0  0]
 [ 0 -1 -1  0  0  0  0]
 [ 0  1 -1  0  0  0  0]
 [ 1 -1  1 -1  0  0  0]
 [ 1  1 -1  1  1  1 -1]]
222
[[ 0  0  1  0  0  0  0]
 [ 0  0 -1  0  0  0  0]
 [ 0 -1 -1  0  0  0  0]
 [ 0  1 -1  0  0  0  0]
 [ 1 -1  1 -1  0  0  0]
 [ 1  1 -1  1  1  1 -1]]
223
[[ 0  0  1  0  0  0  0]
 [ 0  0 -1  0  0  0  0]
 [ 0 -1 -1  0  0  0  0]
 [ 0  1 -1 -1  0  0  0]
 [ 1 -1  1 -1  0  0  0]
 [ 1  1 -1  1  1  1 -1]]
224
[[ 0  0  1  0  0  0  0]
 [ 0 -1 -1  0  0  0  0]
 [ 0 -1 -1  1  0  0  0]
 [ 0  1 -1 -1  0  0  0]
 [ 1 -1  1 -1  1  0  0]
 [ 1  1 -1  1  1  1 -1]]
225
[[ 0  1  1  0  0  0  0]
 [ 0 -1 -1  0  0  0  0]
 [ 0 -1 -1  1  0  0  0]
 [ 0  1 -1 -1 -1  0  0]
 [ 1 -1  1 -1  1  0  0]
 [ 1  1 -1  1  1  1 -1]]
226
[[ 0  1  1  0  0  0  0]
 [ 0 -1 -1 -1  0  0  0]
 [ 0 -1 -1  1  0  0  0]
 [ 0  1 -1 -1 -1  0  0]
 [ 1 -1  1 -1  1  0  1]
 [ 1  1 -1  1  1  1 -1]]
227
[[ 0  1  1 -1  0  0  0]
 [ 0 -1 -1 -1  0  0  0]
 [ 0 -1 -1  1  0  0  0]
 [ 1  1 -1 -1 -1  0  0]
 [ 1 -1  1 -1  1  0  1]
 [ 1  1 -1  1  1  1 -1]]
228
[[ 0  0  0  0  0  0  0]
 [ 0  0  0  0  0  0  0]
 [ 0  0  0  0  0  0  0]
 [ 0  0  0  0  0  0  0]
 [ 0 -1  0  0  0  0  0]
 [ 1  1  0 -1  0  0  0]]
[[ 0  0  0  0  0  0  0]
 [ 0  0  0  0  0  0  0]
 [ 0  0  0  0  0  0  0]
 [ 0  0  0  0  0  0  0]
 [ 0 -1  0  0  0  0  0]
 [ 1  1  0 -1  0  0  0]]
229
[[ 0  0  0  0  0  0  0]
 [ 0  0  0  0  0  0  0]
 [ 0  0  0  0  0  0  0]
 [ 0  0  0  0  0  0  0]
 [ 1 -1  0  0  0  0  0]
 [ 1  1  0 -1  0  0  0]]
[[ 0  0  0  0  0  0  0]
 [ 0  0  0  0  0  0  0]
 [ 0  0  0  0  0  0  0]
 [ 0  0  0  0  0  0  0]
 [ 1 -1  0  0  0  0  0]
 [ 1  1  0 -1  0  0  0]]
230
[[ 0  0  0  0  0  0  0]
 [ 0  0  0  0  0  0  0]
 [ 0  0  0  0  0  0  0]
 [ 0 -1  0  0  0  0  0]
 [ 1 -1  0  0  0  0  0]
 [ 1  1  0 -1  0  0  0]]
[[ 0  0  0  0  0  0  0]
 [ 0  0  0  0  0  0  0]
 [ 0  0  0  0  0  0  0]
 [ 0 -1  0  0  0  0  0]
 [ 1 -1  0  0  0  0  0]
 [ 1  1  0 -1  0  0  0]]
231
[[ 0  0  0  0  0  0  0]
 [ 0  0  0  0  0  0  0]
 [ 0  0  0  0  0  0  0]
 [ 1 -1  0  0  0  0  0]
 [ 1 -1  0  0  0  0  0]
 [ 1  1  0 -1  0  0  0]]
[[ 0  0  0  0  0  0  0]
 [ 0  0  0  0  0  0  0]
 [ 0  0  0  0  0  0  0]
 [ 1 -1  0  0  0  0  0]
 [ 1 -1  0  0  0  0  0]
 [ 1  1  0 -1  0  0  0]]
232
[[ 0  0  0  0  0  0  0]
 [ 0  0  0  0  0  0  0]
 [-1  0  0  0  0  0  0]
 [ 1 -1  0  0  0  0  0]
 [ 1 -1  0  0  0  0  0]
 [ 1  1  0 -1  0  0  0]]
[[ 0  0  0  0  0  0  0]
 [ 0  0  0  0  0  0  0]
 [-1  0  0  0  0  0  0]
 [ 1 -1  0  0  0  0  0]
 [ 1 -1  0  0  0  0  0]
 [ 1  1  0 -1  0  0  0]]
233
[[ 0  0  0  0  0  0  0]
 [ 0  0  0  0  0  0  0]
 [ 0  0  0  0  0  0  0]
 [ 0  0  0  0  0  0  0]
 [ 0 -1  0  0  0  0  0]
 [ 0  1  1 -1  0  0  0]]
[[ 0  0  0  0  0  0  0]
 [ 0  0  0  0  0  0  0]
 [ 0  0  0  0  0  0  0]
 [ 0  0  0  0  0  0  0]
 [ 0 -1  0  0  0  0  0]
 [ 0  1  1 -1  0  0  0]]
234
[[ 0  0  0  0  0  0  0]
 [ 0  0  0  0  0  0  0]
 [ 0  0  0  0  0  0  0]
 [ 0  0  0 -1  0  0  0]
 [ 0 -1  0  1  0  0  0]
 [ 0  1  1 -1  0  0  0]]
[[ 0  0  0  0  0  0  0]
 [ 0  0  0  0  0  0  0]
 [ 0  0  0  0  0  0  0]
 [ 0  0  0 -1  0  0  0]
 [ 0 -1  0  1  0  0  0]
 [ 0  1  1 -1  0  0  0]]
235
[[ 0  0  0  0  0  0  0]
 [ 0  0  0  0  0  0  0]
 [ 0  0  0 -1  0  0  0]
 [ 0  0  0 -1  0  0  0]
 [ 0 -1  0  1  0  0  0]
 [ 0  1  1 -1  1  0  0]]
[[ 0  0  0  0  0  0  0]
 [ 0  0  0  0  0  0  0]
 [ 0  0  0 -1  0  0  0]
 [ 0  0  0 -1  0  0  0]
 [ 0 -1  0  1  0  0  0]
 [ 0  1  1 -1  1  0  0]]
236
[[ 0  0  0  0  0  0  0]
 [ 0  0  0  0  0  0  0]
 [ 0  0  0 -1  0  0  0]
 [ 0  0  0 -1  0  0  0]
 [ 0 -1  0  1  0  0  0]
 [ 0  1  1 -1  1  1  0]]
[[ 0  0  0  0  0  0  0]
 [ 0  0  0  0  0  0  0]
 [ 0  0  0 -1  0  0  0]
 [ 0  0  0 -1  0  0  0]
 [ 0 -1  0  1  0  0  0]
 [ 0  1  1 -1  1  1  0]]
237
[[ 0  0  0  0  0  0  0]
 [ 0  0  0 -1  0  0  0]
 [ 0  0  0 -1  0  0  0]
 [ 0  0  0 -1  0  0  0]
 [ 0 -1  0  1  0  0  0]
 [ 0  1  1 -1  1  1  0]]
238
[[ 0  0  0  1  0  0  0]
 [ 0  0  0 -1  0  0  0]
 [ 0  0  0 -1  0  0  0]
 [ 0  0  0 -1  0  0  0]
 [ 0 -1 -1  1  0 -1  0]
 [ 1  1  1 -1  1  1  0]]
239
[[ 0  0  0  1  0  0  0]
 [ 0  0  0 -1  0  0  0]
 [ 0  0  0 -1  0  0  0]
 [ 0  0  1 -1  0  0  0]
 [ 0 -1 -1  1  0 -1  0]
 [ 1  1  1 -1  1  1  0]]
240
[[ 0  0  0  1  0  0  0]
 [ 0  0  0 -1  0  0  0]
 [ 0  0 -1 -1  0  0  0]
 [ 0  0  1 -1  0  0  0]
 [ 0 -1 -1  1  0 -1  0]
 [ 1  1  1 -1  1  1  0]]
241
[[ 0  0  0  1  0  0  0]
 [ 0  0  1 -1  0  0  0]
 [ 0  0 -1 -1  0  0  0]
 [ 0  0  1 -1  0  0  0]
 [ 0 -1 -1  1  0 -1  0]
 [ 1  1  1 -1  1  1  0]]
242
[[ 0  0 -1  1  0  0  0]
 [ 0  0  1 -1  0  0  0]
 [ 0  0 -1 -1  0  0  0]
 [ 0  0  1 -1  0  0  0]
 [ 0 -1 -1  1  0 -1  0]
 [ 1  1  1 -1  1  1  1]]
243
[[ 0  0 -1  1  0  0  0]
 [ 0  0  1 -1  0  0  0]
 [ 0  0 -1 -1  0  0  0]
 [ 0  0  1 -1  0  0  0]
 [-1 -1 -1  1  0 -1  0]
 [ 1  1  1 -1  1  1  1]]
244
[[ 0  0 -1  1  0  0  0]
 [ 0  0  1 -1  0  0  0]
 [ 0  0 -1 -1  0  0  0]
 [ 0  1  1 -1  0  0  0]
 [-1 -1 -1  1  0 -1  0]
 [ 1  1  1 -1  1  1  1]]
245
[[ 0  0 -1  1  0  0  0]
 [ 0  0  1 -1  0  0  0]
 [ 0 -1 -1 -1  0  0  0]
 [ 0  1  1 -1  0  0  0]
 [-1 -1 -1  1  0 -1  0]
 [ 1  1  1 -1  1  1  1]]
246
[[ 0  0 -1  1  0  0  0]
 [ 0  0  1 -1  0  0  0]
 [ 0 -1 -1 -1  0  0  0]
 [ 0  1  1 -1  0  1  0]
 [-1 -1 -1  1  0 -1  0]
 [ 1  1  1 -1  1  1  1]]
247
[[ 0  0 -1  1  0  0  0]
 [ 0  1  1 -1  0  0  0]
 [ 0 -1 -1 -1  0 -1  0]
 [ 0  1  1 -1  0  1  0]
 [-1 -1 -1  1  0 -1  0]
 [ 1  1  1 -1  1  1  1]]
248
[[ 0 -1 -1  1  0  0  0]
 [ 0  1  1 -1  0  0  0]
 [ 0 -1 -1 -1  0 -1  0]
 [ 0  1  1 -1  0  1  0]
 [-1 -1 -1  1  1 -1  0]
 [ 1  1  1 -1  1  1  1]]
249
[[ 0 -1 -1  1  0  0  0]
 [ 0  1  1 -1  0 -1  0]
 [ 0 -1 -1 -1  0 -1  0]
 [ 0  1  1 -1  0  1  0]
 [-1 -1 -1  1  1 -1  1]
 [ 1  1  1 -1  1  1  1]]
250
[[ 0 -1 -1  1  0 -1  0]
 [ 0  1  1 -1  0 -1  0]
 [ 0 -1 -1 -1  0 -1  0]
 [ 0  1  1 -1  0  1  1]
 [-1 -1 -1  1  1 -1  1]
 [ 1  1  1 -1  1  1  1]]
251
[[ 0  0  0  0  0  0  0]
 [ 0  0  0  0  0  0  0]
 [ 0  0  0  0  0  0  0]
 [ 0  0  0  0  0  0  0]
 [ 1  0  0  0  0  0  0]
 [ 1  0  0 -1  0  0  0]]
[[ 0  0  0  0  0  0  0]
 [ 0  0  0  0  0  0  0]
 [ 0  0  0  0  0  0  0]
 [ 0  0  0  0  0  0  0]
 [ 1  0  0  0  0  0  0]
 [ 1  0  0 -1  0  0  0]]
252
[[ 0  0  0  0  0  0  0]
 [ 0  0  0  0  0  0  0]
 [ 0  0  0  0  0  0  0]
 [ 0  0  0 -1  0  0  0]
 [ 0  1  0 -1  0  0  0]
 [ 0  1  0 -1  1  0  0]]
[[ 0  0  0  0  0  0  0]
 [ 0  0  0  0  0  0  0]
 [ 0  0  0  0  0  0  0]
 [ 0  0  0 -1  0  0  0]
 [ 0  1  0 -1  0  0  0]
 [ 0  1  0 -1  1  0  0]]
253
[[ 0  0  0  0  0  0  0]
 [ 0  0  0  0  0  0  0]
 [ 0  0  0  1  0  0  0]
 [ 0  0  0 -1  0  0  0]
 [ 0  1  0 -1  0  0  0]
 [ 0  1  0 -1  1  0  0]]
[[ 0  0  0  0  0  0  0]
 [ 0  0  0  0  0  0  0]
 [ 0  0  0  1  0  0  0]
 [ 0  0  0 -1  0  0  0]
 [ 0  1  0 -1  0  0  0]
 [ 0  1  0 -1  1  0  0]]
254
[[ 0  0  0  0  0  0  0]
 [ 0  0  0  0  0  0  0]
 [ 0  0  0  1  0  0  0]
 [ 0 -1  0 -1  0  0  0]
 [ 0  1  0 -1  0  0  0]
 [ 0  1  0 -1  1  0  0]]
[[ 0  0  0  0  0  0  0]
 [ 0  0  0  0  0  0  0]
 [ 0  0  0  1  0  0  0]
 [ 0 -1  0 -1  0  0  0]
 [ 0  1  0 -1  0  0  0]
 [ 0  1  0 -1  1  0  0]]
255
[[ 0  0  0  0  0  0  0]
 [ 0  0  0 -1  0  0  0]
 [ 0  1  0  1  0  0  0]
 [ 0 -1  0 -1  0  0  0]
 [ 0  1  0 -1  0  0  0]
 [ 0  1  1 -1  1  0  0]]
256
[[ 0  0  0  0  0  0  0]
 [ 0  0  0 -1  0  0  0]
 [ 0  1  0  1  0  0  0]
 [ 0 -1  0 -1  0  0  0]
 [ 0  1  0 -1  0  0  0]
 [-1  1  1 -1  1  0  1]]
257
[[ 0  0  0  0  0  0  0]
 [ 0  0  0 -1  0  0  0]
 [ 0  1  0  1  0  0  0]
 [ 0 -1  0 -1  0  0  0]
 [ 0  1  0 -1  0  0  0]
 [-1  1  1 -1  1 -1  1]]
258
[[ 0  0  0  0  0  0  0]
 [ 0  0  0 -1  0  0  0]
 [ 0  1  0  1  0  0  0]
 [ 0 -1  0 -1  0  0  0]
 [ 0  1  0 -1  1  0  0]
 [-1  1  1 -1  1 -1  1]]
259
[[ 0  0  0  0  0  0  0]
 [ 0  0  0 -1  0  0  0]
 [ 0  1  0  1  0  0  0]
 [ 0 -1  0 -1 -1  0  0]
 [ 0  1  0 -1  1  0  0]
 [-1  1  1 -1  1 -1  1]]
260
[[ 0  0  0  0  0  0  0]
 [ 0  0  0 -1  0  0  0]
 [ 0  1  0  1  0  0  0]
 [ 0 -1  0 -1 -1  0  0]
 [ 0  1  0 -1  1  0  1]
 [-1  1  1 -1  1 -1  1]]
261
[[ 0  0  0  0  0  0  0]
 [ 0  0  0 -1  0  0  0]
 [ 0  1  0  1  0  0  0]
 [ 0 -1  0 -1 -1  0 -1]
 [ 0  1  0 -1  1  0  1]
 [-1  1  1 -1  1 -1  1]]
262
[[ 0  0  0  0  0  0  0]
 [ 0  0  0 -1  0  0  0]
 [ 0  1  0  1  1  0  0]
 [ 0 -1  0 -1 -1  0 -1]
 [ 0  1  0 -1  1  0  1]
 [-1  1  1 -1  1 -1  1]]
263
[[ 0  0  0  0  0  0  0]
 [ 0  0  0 -1 -1  0  0]
 [ 0  1  0  1  1  0  0]
 [ 0 -1  0 -1 -1  0 -1]
 [ 1  1  0 -1  1  0  1]
 [-1  1  1 -1  1 -1  1]]
264
[[ 0  0  0 -1  1  0  0]
 [ 0  0  0 -1 -1  0  0]
 [ 0  1  0  1  1  0  0]
 [ 0 -1  0 -1 -1  0 -1]
 [ 1  1  0 -1  1  0  1]
 [-1  1  1 -1  1 -1  1]]
265
[[ 0  0  0 -1  1  0  0]
 [ 0  0  0 -1 -1  0  0]
 [ 1  1  0  1  1  0  0]
 [-1 -1  0 -1 -1  0 -1]
 [ 1  1  0 -1  1  0  1]
 [-1  1  1 -1  1 -1  1]]
266
[[ 1  0  0 -1  1  0  0]
 [-1  0  0 -1 -1  0  0]
 [ 1  1  0  1  1  0  0]
 [-1 -1  0 -1 -1  0 -1]
 [ 1  1  0 -1  1  0  1]
 [-1  1  1 -1  1 -1  1]]
267
[[ 0  0  0  0  0  0  0]
 [ 0  0  0  0  0  0  0]
 [ 0  0  0  0  0  0  0]
 [ 0  0  0  0  0  0  0]
 [ 0  0  0 -1  0  0  0]
 [ 0  0  1 -1  0  1  0]]
[[ 0  0  0  0  0  0  0]
 [ 0  0  0  0  0  0  0]
 [ 0  0  0  0  0  0  0]
 [ 0  0  0  0  0  0  0]
 [ 0  0  0 -1  0  0  0]
 [ 0  0  1 -1  0  1  0]]
268
[[ 0  0  0  0  0  0  0]
 [ 0  0  0  1  0  0  0]
 [ 0  0  0 -1  0  0  0]
 [ 0  0  0  1  0  0  0]
 [ 0  0  0 -1  0 -1  0]
 [ 0  0  1 -1  0  1  0]]
[[ 0  0  0  0  0  0  0]
 [ 0  0  0  1  0  0  0]
 [ 0  0  0 -1  0  0  0]
 [ 0  0  0  1  0  0  0]
 [ 0  0  0 -1  0 -1  0]
 [ 0  0  1 -1  0  1  0]]
269
[[ 0  0  0  0  0  0  0]
 [ 0  0  0  1  0  0  0]
 [ 0  0  0 -1  0  0  0]
 [ 0  0 -1  1  0  0  0]
 [ 0  0  1 -1  0 -1  0]
 [ 0  0  1 -1  0  1  0]]
270
[[ 0  0  0  0  0  0  0]
 [ 0  0  0  1  0  0  0]
 [ 0  0 -1 -1  0  0  0]
 [ 0  0 -1  1  0  0  0]
 [ 0  0  1 -1  0 -1  0]
 [ 1  0  1 -1  0  1  0]]
271
[[ 0  0  0  0  0  0  0]
 [ 0  0 -1  1  0  0  0]
 [ 0  0 -1 -1  0  0  0]
 [ 0  0 -1  1  0  0  0]
 [ 1  0  1 -1  0 -1  0]
 [ 1  0  1 -1  0  1  0]]
272
[[ 0  0  1  0  0  0  0]
 [ 0  0 -1  1  0  0  0]
 [ 0  0 -1 -1  0  0  0]
 [ 0  0 -1  1  0  0  0]
 [ 1  0  1 -1  0 -1  0]
 [ 1  0  1 -1  0  1  0]]
273
[[ 0  0  1 -1  0  0  0]
 [ 0  0 -1  1  0  0  0]
 [ 0  0 -1 -1  0  0  0]
 [ 0  0 -1  1  0  0  0]
 [ 1  0  1 -1  0 -1  0]
 [ 1  0  1 -1  0  1  0]]
274
[[ 0  0  1 -1  0  0  0]
 [ 0  0 -1  1  0  0  0]
 [ 0  0 -1 -1  0  0  0]
 [ 0  0 -1  1  0  1  0]
 [ 1  0  1 -1  0 -1  0]
 [ 1  0  1 -1  0  1  0]]
275
[[ 0  0  1 -1  0  0  0]
 [ 0  0 -1  1  0  0  0]
 [ 0  0 -1 -1  0 -1  0]
 [ 0  0 -1  1  0  1  0]
 [ 1  0  1 -1  0 -1  0]
 [ 1  0  1 -1  0  1  0]]
276
[[ 0  0  1 -1  0  0  0]
 [ 0  0 -1  1  0  0  0]
 [ 0  0 -1 -1  0 -1  0]
 [ 0  0 -1  1  0  1  0]
 [ 1  0  1 -1  0 -1  0]
 [ 1  0  1 -1  0  1  1]]
277
[[ 0  0  1 -1  0  0  0]
 [ 0  0 -1  1  0  0  0]
 [ 0  0 -1 -1  0 -1  0]
 [-1  0 -1  1  0  1  0]
 [ 1  0  1 -1  0 -1  1]
 [ 1  0  1 -1  0  1  1]]
278
[[ 0  0  1 -1  0  0  0]
 [ 0  0 -1  1  0  1  0]
 [ 0  0 -1 -1  0 -1  0]
 [-1  0 -1  1  0  1 -1]
 [ 1  0  1 -1  0 -1  1]
 [ 1  0  1 -1  0  1  1]]
279
[[ 0  0  1 -1  0 -1  0]
 [ 0  0 -1  1  0  1  0]
 [ 0  0 -1 -1  0 -1  0]
 [-1  0 -1  1  0  1 -1]
 [ 1  0  1 -1  0 -1  1]
 [ 1  1  1 -1  0  1  1]]
280
[[ 0  0  1 -1  0 -1  1]
 [ 0  0 -1  1  0  1 -1]
 [ 0  0 -1 -1  0 -1  1]
 [-1  0 -1  1  0  1 -1]
 [ 1 -1  1 -1  0 -1  1]
 [ 1  1  1 -1  0  1  1]]
281
[[ 0  0  1 -1  0 -1  1]
 [ 1  0 -1  1  0  1 -1]
 [-1  0 -1 -1  0 -1  1]
 [-1  0 -1  1  0  1 -1]
 [ 1 -1  1 -1  0 -1  1]
 [ 1  1  1 -1  0  1  1]]
282
[[ 0  0  0  0  0  0  0]
 [ 0  0  0  0  0  0  0]
 [ 0  0  0  0  0  0  0]
 [ 0  0  0  0  0  0  0]
 [ 0 -1  0  0  0  0  0]
 [ 0  1  0  0  0  0  0]]
[[ 0  0  0  0  0  0  0]
 [ 0  0  0  0  0  0  0]
 [ 0  0  0  0  0  0  0]
 [ 0  0  0  0  0  0  0]
 [ 0 -1  0  0  0  0  0]
 [ 0  1  0  0  0  0  0]]
283
[[ 0  0  0  0  0  0  0]
 [ 0  0  0  0  0  0  0]
 [ 0  0  0  0  0  0  0]
 [ 0  0  0  0  0  0  0]
 [ 0 -1  0  0  0  0  0]
 [ 0  1  1 -1  0  0  0]]
[[ 0  0  0  0  0  0  0]
 [ 0  0  0  0  0  0  0]
 [ 0  0  0  0  0  0  0]
 [ 0  0  0  0  0  0  0]
 [ 0 -1  0  0  0  0  0]
 [ 0  1  1 -1  0  0  0]]
284
[[ 0  0  0  0  0  0  0]
 [ 0  0  0  0  0  0  0]
 [ 0  1  0  0  0  0  0]
 [ 0  1  0  0  0  0  0]
 [ 0 -1  0 -1  0  0  0]
 [ 0  1  1 -1  0  0  0]]
[[ 0  0  0  0  0  0  0]
 [ 0  0  0  0  0  0  0]
 [ 0  1  0  0  0  0  0]
 [ 0  1  0  0  0  0  0]
 [ 0 -1  0 -1  0  0  0]
 [ 0  1  1 -1  0  0  0]]
285
[[ 0  0  0  0  0  0  0]
 [ 0  1  0  0  0  0  0]
 [ 0  1  0  0  0  0  0]
 [ 0  1  0  0  0  0  0]
 [ 0 -1 -1 -1  0  0  0]
 [ 0  1  1 -1  0  0  0]]
[[ 0  0  0  0  0  0  0]
 [ 0  1  0  0  0  0  0]
 [ 0  1  0  0  0  0  0]
 [ 0  1  0  0  0  0  0]
 [ 0 -1 -1 -1  0  0  0]
 [ 0  1  1 -1  0  0  0]]
286
[[ 0 -1  0  0  0  0  0]
 [ 0  1  0  0  0  0  0]
 [ 0  1  0  0  0  0  0]
 [ 0  1  0  0  0  0  0]
 [ 0 -1 -1 -1  0  0  0]
 [ 0  1  1 -1  0  0  0]]
287
[[ 0 -1  0  0  0  0  0]
 [ 0  1  0  0  0  0  0]
 [ 0  1  0  0  0  0  0]
 [ 0  1  0  1  0  0  0]
 [ 0 -1 -1 -1  0  0  0]
 [ 0  1  1 -1  0  0  0]]
288
[[ 0 -1  0  0  0  0  0]
 [ 0  1  0  0  0  0  0]
 [ 0  1  0 -1  0  0  0]
 [ 0  1  0  1  0  0  0]
 [ 0 -1 -1 -1  0  0  0]
 [ 0  1  1 -1  0  0  0]]
289
[[ 0 -1  0  0  0  0  0]
 [ 0  1  0  0  0  0  0]
 [ 0  1 -1 -1  0  0  0]
 [ 0  1  1  1  0  0  0]
 [ 0 -1 -1 -1  0  0  0]
 [ 0  1  1 -1  0  0  0]]
290
[[ 0 -1  0  0  0  0  0]
 [ 0  1  1  0  0  0  0]
 [ 0  1 -1 -1  0  0  0]
 [ 0  1  1  1  0  0  0]
 [ 0 -1 -1 -1  0  0  0]
 [ 0  1  1 -1  0  0  0]]
291
[[ 0 -1  0  0  0  0  0]
 [ 0  1  1 -1  0  0  0]
 [ 0  1 -1 -1  0  0  0]
 [ 0  1  1  1  0  0  0]
 [ 0 -1 -1 -1  0  0  0]
 [ 0  1  1 -1  0  0  0]]
292
[[ 0 -1  0  0  0  0  0]
 [ 0  1  1 -1  0  0  0]
 [ 0  1 -1 -1  0  0  0]
 [ 0  1  1  1  0  0  0]
 [ 0 -1 -1 -1  0  0  0]
 [ 0  1  1 -1  0  1  0]]
293
[[ 0 -1 -1  0  0  0  0]
 [ 0  1  1 -1  0  0  0]
 [ 0  1 -1 -1  0  0  0]
 [ 0  1  1  1  0  0  0]
 [ 0 -1 -1 -1  0  0  0]
 [ 0  1  1 -1  0  1  1]]
294
[[ 0 -1 -1 -1  0  0  0]
 [ 0  1  1 -1  0  0  0]
 [ 0  1 -1 -1  0  0  0]
 [ 0  1  1  1  0  0  0]
 [ 0 -1 -1 -1  0  0  1]
 [ 0  1  1 -1  0  1  1]]
295
[[ 0 -1 -1 -1  0  0  0]
 [ 0  1  1 -1  0  0  0]
 [ 0  1 -1 -1  0  0  1]
 [ 0  1  1  1  0  0 -1]
 [ 0 -1 -1 -1  0  0  1]
 [ 0  1  1 -1  0  1  1]]
296
[[ 0 -1 -1 -1  0  0  0]
 [ 0  1  1 -1  0  0 -1]
 [ 0  1 -1 -1  0  0  1]
 [ 0  1  1  1  0  0 -1]
 [ 0 -1 -1 -1  0  1  1]
 [ 0  1  1 -1  0  1  1]]
297
[[ 0 -1 -1 -1  0  0  0]
 [ 0  1  1 -1  0  0 -1]
 [ 0  1 -1 -1  0  1  1]
 [ 0  1  1  1  0 -1 -1]
 [ 0 -1 -1 -1  0  1  1]
 [ 0  1  1 -1  0  1  1]]
298
[[ 0 -1 -1 -1  0  1  0]
 [ 0  1  1 -1  0 -1 -1]
 [ 0  1 -1 -1  0  1  1]
 [ 0  1  1  1  0 -1 -1]
 [ 0 -1 -1 -1  0  1  1]
 [ 0  1  1 -1  0  1  1]]
299
[[ 0  0  0  0  0  0  0]
 [ 0  0  0  0  0  0  0]
 [ 0  0  0  0  0  0  0]
 [ 0  0  0  0  0  0  0]
 [ 0 -1  0  0  0  0  0]
 [ 1  1  0 -1  0  0  0]]
[[ 0  0  0  0  0  0  0]
 [ 0  0  0  0  0  0  0]
 [ 0  0  0  0  0  0  0]
 [ 0  0  0  0  0  0  0]
 [ 0 -1  0  0  0  0  0]
 [ 1  1  0 -1  0  0  0]]
300
[[ 0  0  0  0  0  0  0]
 [ 0  0  0  0  0  0  0]
 [ 0  0  0  0  0  0  0]
 [ 0  0  0 -1  0  0  0]
 [ 0 -1  0  1  0  0  0]
 [ 1  1  0 -1  0  0  0]]
[[ 0  0  0  0  0  0  0]
 [ 0  0  0  0  0  0  0]
 [ 0  0  0  0  0  0  0]
 [ 0  0  0 -1  0  0  0]
 [ 0 -1  0  1  0  0  0]
 [ 1  1  0 -1  0  0  0]]
301
[[ 0  0  0  0  0  0  0]
 [ 0  0  0  0  0  0  0]
 [ 0  0  0  0  0  0  0]
 [ 0  0  0 -1  0  0  0]
 [ 0 -1  0  1  0  0  0]
 [ 1  1  0 -1  1  0  0]]
[[ 0  0  0  0  0  0  0]
 [ 0  0  0  0  0  0  0]
 [ 0  0  0  0  0  0  0]
 [ 0  0  0 -1  0  0  0]
 [ 0 -1  0  1  0  0  0]
 [ 1  1  0 -1  1  0  0]]
302
[[ 0  0  0  0  0  0  0]
 [ 0  0  0  0  0  0  0]
 [ 0  0  0 -1  0  0  0]
 [ 0  0  0 -1  0  0  0]
 [ 0 -1  0  1  0  0  0]
 [ 1  1  0 -1  1  0  0]]
[[ 0  0  0  0  0  0  0]
 [ 0  0  0  0  0  0  0]
 [ 0  0  0 -1  0  0  0]
 [ 0  0  0 -1  0  0  0]
 [ 0 -1  0  1  0  0  0]
 [ 1  1  0 -1  1  0  0]]
303
[[ 0  0  0  0  0  0  0]
 [ 0  0  0  0  0  0  0]
 [ 0  0  0 -1  0  0  0]
 [ 0  1  0 -1  0  0  0]
 [ 0 -1  0  1  0  0  0]
 [ 1  1  0 -1  1  0  0]]
[[ 0  0  0  0  0  0  0]
 [ 0  0  0  0  0  0  0]
 [ 0  0  0 -1  0  0  0]
 [ 0  1  0 -1  0  0  0]
 [ 0 -1  0  1  0  0  0]
 [ 1  1  0 -1  1  0  0]]
304
[[ 0  0  0  0  0  0  0]
 [ 0  0  0 -1  0  0  0]
 [ 0  0  0 -1  0  0  0]
 [ 0  1  0 -1  0  0  0]
 [ 0 -1  0  1  0  0  0]
 [ 1  1  0 -1  1  0  0]]
305
[[ 0  0  0  1  0  0  0]
 [ 0  0  0 -1  0  0  0]
 [ 0  0  0 -1  0  0  0]
 [ 0  1  0 -1  0  0  0]
 [ 0 -1  0  1  0  0  0]
 [ 1  1  0 -1  1  0  0]]
306
[[ 0  0  0  1  0  0  0]
 [ 0  0  0 -1  0  0  0]
 [ 0 -1  0 -1  0  0  0]
 [ 0  1  0 -1  0  0  0]
 [ 1 -1  0  1 -1  0  0]
 [ 1  1  0 -1  1  0  1]]
307
[[ 0  0  0  1  0  0  0]
 [ 0  0  0 -1  0  0  0]
 [ 0 -1  0 -1  0  0  0]
 [ 0  1  0 -1 -1  0  0]
 [ 1 -1  0  1 -1  0  0]
 [ 1  1  0 -1  1  0  1]]
308
[[ 0  0  0  1  0  0  0]
 [ 0  0  0 -1  0  0  0]
 [ 0 -1  0 -1  0  0  0]
 [ 1  1  0 -1 -1  0  0]
 [ 1 -1  0  1 -1  0  0]
 [ 1  1  0 -1  1  0  1]]
309
[[ 0  0  0  1  0  0  0]
 [ 0  0  0 -1  0  0  0]
 [-1 -1  0 -1  0  0  0]
 [ 1  1  0 -1 -1  0  0]
 [ 1 -1  0  1 -1  0  0]
 [ 1  1  0 -1  1  0  1]]
310
[[ 0  0  0  1  0  0  0]
 [ 0  0  0 -1 -1  0  0]
 [-1 -1  0 -1  1  0  0]
 [ 1  1  0 -1 -1  0  0]
 [ 1 -1  0  1 -1  0  1]
 [ 1  1  0 -1  1  0  1]]
311
[[ 0  0  0  1 -1  0  0]
 [ 0  0  0 -1 -1  0  0]
 [-1 -1  0 -1  1  0  0]
 [ 1  1  0 -1 -1  0  1]
 [ 1 -1  0  1 -1  0  1]
 [ 1  1  0 -1  1  0  1]]
312
[[ 0  0  0  1 -1  0  0]
 [ 1  0  0 -1 -1  0  0]
 [-1 -1  0 -1  1  0 -1]
 [ 1  1  0 -1 -1  0  1]
 [ 1 -1  0  1 -1  0  1]
 [ 1  1  0 -1  1  0  1]]
313
[[-1  0  0  1 -1  0  0]
 [ 1  0  0 -1 -1  0  0]
 [-1 -1  0 -1  1  0 -1]
 [ 1  1  0 -1 -1  0  1]
 [ 1 -1  0  1 -1  0  1]
 [ 1  1  0 -1  1  1  1]]
314
[[-1  0  0  1 -1  0  0]
 [ 1  0  0 -1 -1  0  1]
 [-1 -1  0 -1  1  0 -1]
 [ 1  1  0 -1 -1  0  1]
 [ 1 -1  0  1 -1  0  1]
 [ 1  1 -1 -1  1  1  1]]
315
[[ 0  0  0  0  0  0  0]
 [ 0  0  0  0  0  0  0]
 [ 0  0  0  0  0  0  0]
 [ 0  0 -1  0  0  0  0]
 [ 1  0 -1  0  0  0  0]
 [ 1  0  1 -1  0  0  1]]
[[ 0  0  0  0  0  0  0]
 [ 0  0  0  0  0  0  0]
 [ 0  0  0  0  0  0  0]
 [ 0  0 -1  0  0  0  0]
 [ 1  0 -1  0  0  0  0]
 [ 1  0  1 -1  0  0  1]]
316
[[ 0  0  0  0  0  0  0]
 [ 0  0  0  0  0  0  0]
 [ 0  0 -1  0  0  0  0]
 [ 0  0 -1  0  0  0  0]
 [ 1  0 -1  0  0  0  0]
 [ 1  0  1 -1  0  0  1]]
[[ 0  0  0  0  0  0  0]
 [ 0  0  0  0  0  0  0]
 [ 0  0 -1  0  0  0  0]
 [ 0  0 -1  0  0  0  0]
 [ 1  0 -1  0  0  0  0]
 [ 1  0  1 -1  0  0  1]]
317
[[ 0  0  0  0  0  0  0]
 [ 0  0  1  0  0  0  0]
 [ 0  0 -1  0  0  0  0]
 [ 0  0 -1  0  0  0  0]
 [ 1  0 -1  0  0  0  0]
 [ 1  0  1 -1  0  0  1]]
[[ 0  0  0  0  0  0  0]
 [ 0  0  1  0  0  0  0]
 [ 0  0 -1  0  0  0  0]
 [ 0  0 -1  0  0  0  0]
 [ 1  0 -1  0  0  0  0]
 [ 1  0  1 -1  0  0  1]]
318
[[ 0  0 -1  0  0  0  0]
 [ 0  0  1  0  0  0  0]
 [ 0  0 -1  0  0  0  0]
 [ 0  0 -1  0  0  0  0]
 [ 1  0 -1  1 -1  0  0]
 [ 1  0  1 -1  1  0  1]]
319
[[ 0  0 -1  0  0  0  0]
 [ 0  0  1  0  0  0  0]
 [ 0  0 -1  0  0  0  0]
 [ 0  0 -1 -1  0  0  0]
 [ 1  0 -1  1 -1  0  0]
 [ 1  0  1 -1  1  0  1]]
320
[[ 0  0 -1  0  0  0  0]
 [ 0  0  1  0  0  0  0]
 [ 0  0 -1 -1  0  0  0]
 [ 0  0 -1 -1  0  0  0]
 [ 1  0 -1  1 -1  0  0]
 [ 1  0  1 -1  1  1  1]]
321
[[ 0  0 -1  0  0  0  0]
 [ 0  0  1  0  0  0  0]
 [ 0  0 -1 -1  0  0  0]
 [ 1  0 -1 -1  0  0  0]
 [ 1  0 -1  1 -1  0  0]
 [ 1  0  1 -1  1  1  1]]
322
[[ 0  0 -1  0  0  0  0]
 [ 0  0  1  1  0  0  0]
 [-1  0 -1 -1  0  0  0]
 [ 1  0 -1 -1  0  0  0]
 [ 1  0 -1  1 -1  0  0]
 [ 1  0  1 -1  1  1  1]]
323
[[ 0  0 -1  0  0  0  0]
 [ 0  0  1  1  0  0  0]
 [-1  0 -1 -1  0  0  0]
 [ 1  0 -1 -1  0  0  1]
 [ 1  0 -1  1 -1  0 -1]
 [ 1  0  1 -1  1  1  1]]
324
[[ 0  0 -1  0  0  0  0]
 [ 0  0  1  1  0  0  0]
 [-1  0 -1 -1  0  0 -1]
 [ 1  0 -1 -1  1  0  1]
 [ 1  0 -1  1 -1  0 -1]
 [ 1  0  1 -1  1  1  1]]
325
[[ 0  0 -1  0  0  0  0]
 [ 0  0  1  1  0  0  0]
 [-1  0 -1 -1 -1  0 -1]
 [ 1  0 -1 -1  1  0  1]
 [ 1  0 -1  1 -1  0 -1]
 [ 1  1  1 -1  1  1  1]]
326
[[ 0  0  0  0  0  0  0]
 [ 0  0  0  0  0  0  0]
 [ 0  0  0  0  0  0  0]
 [ 0  0  0  0  0  0  0]
 [ 1  0  0  0  0  0  0]
 [ 1  0  0 -1  0  0  0]]
[[ 0  0  0  0  0  0  0]
 [ 0  0  0  0  0  0  0]
 [ 0  0  0  0  0  0  0]
 [ 0  0  0  0  0  0  0]
 [ 1  0  0  0  0  0  0]
 [ 1  0  0 -1  0  0  0]]
327
[[ 0  0  0  0  0  0  0]
 [ 0  0  0  0  0  0  0]
 [ 0  0  0  0  0  0  0]
 [ 0  0  0  0  0  0  0]
 [ 1  0  0  0  0  0  0]
 [ 1  0  1 -1 -1  0  0]]
[[ 0  0  0  0  0  0  0]
 [ 0  0  0  0  0  0  0]
 [ 0  0  0  0  0  0  0]
 [ 0  0  0  0  0  0  0]
 [ 1  0  0  0  0  0  0]
 [ 1  0  1 -1 -1  0  0]]
328
[[ 0  0  0  0  0  0  0]
 [ 0  0  0  0  0  0  0]
 [ 0  0  0  0  0  0  0]
 [ 0  0  0  0  0  0  0]
 [ 1  0 -1  0  0  0  0]
 [ 1  0  1 -1 -1  0  0]]
[[ 0  0  0  0  0  0  0]
 [ 0  0  0  0  0  0  0]
 [ 0  0  0  0  0  0  0]
 [ 0  0  0  0  0  0  0]
 [ 1  0 -1  0  0  0  0]
 [ 1  0  1 -1 -1  0  0]]
329
[[ 0  0  0  0  0  0  0]
 [ 0  0  0  0  0  0  0]
 [ 0  0  0  1  0  0  0]
 [ 0  0  0 -1  0  0  0]
 [ 1  0 -1  1  0  0  0]
 [ 1  0  1 -1 -1  0  0]]
[[ 0  0  0  0  0  0  0]
 [ 0  0  0  0  0  0  0]
 [ 0  0  0  1  0  0  0]
 [ 0  0  0 -1  0  0  0]
 [ 1  0 -1  1  0  0  0]
 [ 1  0  1 -1 -1  0  0]]
330
[[ 0  0  0  0  0  0  0]
 [ 0  0  0  0  0  0  0]
 [ 0  0  0  1  0  0  0]
 [ 0  0 -1 -1  0  0  0]
 [ 1  0 -1  1  0  0  0]
 [ 1  0  1 -1 -1  0  0]]
331
[[ 0  0  0  0  0  0  0]
 [ 0  0  0  0  0  0  0]
 [ 0  0  0  1  0  0  0]
 [ 1  0 -1 -1  0  0  0]
 [ 1  0 -1  1  0  0  0]
 [ 1  0  1 -1 -1  0  0]]
332
[[ 0  0  0  0  0  0  0]
 [ 0  0  0  0  0  0  0]
 [-1  0  0  1  0  0  0]
 [ 1  0 -1 -1  0  0  0]
 [ 1  0 -1  1  0  0  0]
 [ 1  0  1 -1 -1  0  0]]
333
[[ 0  0  0  0  0  0  0]
 [ 0  0  0  0  0  0  0]
 [-1  0  1  1  0  0  0]
 [ 1  0 -1 -1  0  0  0]
 [ 1  0 -1  1  0  0  0]
 [ 1 -1  1 -1 -1  0  0]]
334
[[ 0  0  0  0  0  0  0]
 [ 0  0  0  0  0  0  0]
 [-1  0  1  1  0  0  0]
 [ 1  0 -1 -1  0  0  0]
 [ 1  0 -1  1  0  0  0]
 [ 1 -1  1 -1 -1  1  0]]
335
[[ 0  0  0  0  0  0  0]
 [ 0  0  0  0  0  0  0]
 [-1  0  1  1  0  0  0]
 [ 1  0 -1 -1  0  0  0]
 [ 1  0 -1  1 -1  0  0]
 [ 1 -1  1 -1 -1  1  0]]
336
[[ 0  0  0  0  0  0  0]
 [ 0  0  0  1  0  0  0]
 [-1  0  1  1  0  0  0]
 [ 1  0 -1 -1 -1  0  0]
 [ 1  0 -1  1 -1  0  0]
 [ 1 -1  1 -1 -1  1  0]]
337
[[ 0  0  0  0  0  0  0]
 [ 0  0  0  1  0  0  0]
 [-1  0  1  1  1  0  0]
 [ 1  0 -1 -1 -1  0  0]
 [ 1  0 -1  1 -1  0  0]
 [ 1 -1  1 -1 -1  1  0]]
338
[[ 0  0  1  0  0  0  0]
 [ 0  0 -1  1  0  0  0]
 [-1  0  1  1  1  0  0]
 [ 1  0 -1 -1 -1  0  0]
 [ 1  0 -1  1 -1  0  0]
 [ 1 -1  1 -1 -1  1  0]]
339
[[ 0  0  1 -1  0  0  0]
 [ 0  0 -1  1  0  0  0]
 [-1  0  1  1  1  0  0]
 [ 1  0 -1 -1 -1  0  0]
 [ 1  0 -1  1 -1  0  0]
 [ 1 -1  1 -1 -1  1  1]]
340
[[ 0  0  1 -1  0  0  0]
 [ 0  0 -1  1  0  0  0]
 [-1  0  1  1  1  0  0]
 [ 1  0 -1 -1 -1  0  1]
 [ 1  0 -1  1 -1  0 -1]
 [ 1 -1  1 -1 -1  1  1]]
341
[[ 0  0  1 -1  0  0  0]
 [ 0  0 -1  1  1  0  0]
 [-1  0  1  1  1  0 -1]
 [ 1  0 -1 -1 -1  0  1]
 [ 1  0 -1  1 -1  0 -1]
 [ 1 -1  1 -1 -1  1  1]]
342
[[ 0  0  1 -1 -1  0  0]
 [ 0  0 -1  1  1  0  1]
 [-1  0  1  1  1  0 -1]
 [ 1  0 -1 -1 -1  0  1]
 [ 1  0 -1  1 -1  0 -1]
 [ 1 -1  1 -1 -1  1  1]]
343
[[ 0  0  1 -1 -1  0 -1]
 [ 1  0 -1  1  1  0  1]
 [-1  0  1  1  1  0 -1]
 [ 1  0 -1 -1 -1  0  1]
 [ 1  0 -1  1 -1  0 -1]
 [ 1 -1  1 -1 -1  1  1]]
344
[[ 0  0  0  0  0  0  0]
 [ 0  0  0  0  0  0  0]
 [ 0  0  0  0  0  0  0]
 [ 0  0  0  0  0  0  0]
 [ 1  0  0  0  0  0  0]
 [ 1  0  0 -1  0  0  0]]
[[ 0  0  0  0  0  0  0]
 [ 0  0  0  0  0  0  0]
 [ 0  0  0  0  0  0  0]
 [ 0  0  0  0  0  0  0]
 [ 1  0  0  0  0  0  0]
 [ 1  0  0 -1  0  0  0]]
345
[[ 0  0  0  0  0  0  0]
 [ 0  0  0  0  0  0  0]
 [ 0  0  0  0  0  0  0]
 [ 0  0  0  0  0  0  0]
 [ 1  0  0  0  0  0  0]
 [ 1  0  1 -1 -1  0  0]]
[[ 0  0  0  0  0  0  0]
 [ 0  0  0  0  0  0  0]
 [ 0  0  0  0  0  0  0]
 [ 0  0  0  0  0  0  0]
 [ 1  0  0  0  0  0  0]
 [ 1  0  1 -1 -1  0  0]]
346
[[ 0  0  0  0  0  0  0]
 [ 0  0  0  0  0  0  0]
 [ 0  0  0  1  0  0  0]
 [ 0  0 -1 -1  0  0  0]
 [ 1  0 -1  1  0  0  0]
 [ 1  0  1 -1 -1  0  0]]
347
[[ 0  0  0  0  0  0  0]
 [ 0  0  0  0  0  0  0]
 [ 0  0  0  1  0  0  0]
 [ 0  0 -1 -1  0  0  0]
 [ 1  0 -1  1  0  0  0]
 [ 1 -1  1 -1 -1  1  0]]
348
[[ 0  0  0  0  0  0  0]
 [ 0  0  0  0  0  0  0]
 [ 0  0  0  1  0  0  0]
 [ 1  0 -1 -1  0  0  0]
 [ 1  0 -1  1  0  0  0]
 [ 1 -1  1 -1 -1  1  0]]
349
[[ 0  0  0  0  0  0  0]
 [ 0  0  0  0  0  0  0]
 [-1  0  0  1  0  0  0]
 [ 1  0 -1 -1  0  0  0]
 [ 1  0 -1  1  0  0  0]
 [ 1 -1  1 -1 -1  1  0]]
350
[[ 0  0  0  0  0  0  0]
 [ 0  0  0  1  0  0  0]
 [-1  0  0  1  0  0  0]
 [ 1  0 -1 -1  0  0  0]
 [ 1  0 -1  1  0  0  0]
 [ 1 -1  1 -1 -1  1  0]]
351
[[ 0  0  0  0  0  0  0]
 [ 0  0  0  1  0  0  0]
 [-1  0  0  1  0  0  0]
 [ 1  0 -1 -1  0  0  0]
 [ 1  0 -1  1 -1  0  0]
 [ 1 -1  1 -1 -1  1  0]]
352
[[ 0  0  0  0  0  0  0]
 [ 0  0  0  1  0  0  0]
 [-1  0  1  1  0  0  0]
 [ 1  0 -1 -1 -1  0  0]
 [ 1  0 -1  1 -1  0  0]
 [ 1 -1  1 -1 -1  1  0]]
353
[[ 0  0  0  0  0  0  0]
 [ 0  0 -1  1  0  0  0]
 [-1  0  1  1  1  0  0]
 [ 1  0 -1 -1 -1  0  0]
 [ 1  0 -1  1 -1  0  0]
 [ 1 -1  1 -1 -1  1  0]]
354
[[ 0  0  1  0  0  0  0]
 [ 0  0 -1  1  0  0  0]
 [-1  0  1  1  1  0  0]
 [ 1  0 -1 -1 -1  0  0]
 [ 1  0 -1  1 -1  0  0]
 [ 1 -1  1 -1 -1  1  0]]
355
[[ 0  0  1 -1  0  0  0]
 [ 0  0 -1  1  1  0  0]
 [-1  0  1  1  1  0  0]
 [ 1  0 -1 -1 -1  0  0]
 [ 1  0 -1  1 -1  0  0]
 [ 1 -1  1 -1 -1  1  0]]
356
[[ 0  0  1 -1 -1  0  0]
 [ 1  0 -1  1  1  0  0]
 [-1  0  1  1  1  0  0]
 [ 1  0 -1 -1 -1  0  0]
 [ 1  0 -1  1 -1  0  0]
 [ 1 -1  1 -1 -1  1  0]]
357
[[-1  0  1 -1 -1  0  0]
 [ 1  0 -1  1  1  0  0]
 [-1  0  1  1  1  0  0]
 [ 1  0 -1 -1 -1  0  0]
 [ 1  0 -1  1 -1  0  0]
 [ 1 -1  1 -1 -1  1  1]]
358
[[-1  0  1 -1 -1  0  0]
 [ 1  0 -1  1  1  0  0]
 [-1  0  1  1  1  0  0]
 [ 1  0 -1 -1 -1  0  1]
 [ 1  0 -1  1 -1  0 -1]
 [ 1 -1  1 -1 -1  1  1]]
359
[[-1  0  1 -1 -1  0  0]
 [ 1  0 -1  1  1  0  1]
 [-1  0  1  1  1  0 -1]
 [ 1  0 -1 -1 -1  0  1]
 [ 1  0 -1  1 -1  0 -1]
 [ 1 -1  1 -1 -1  1  1]]
360
[[ 0  0  0  0  0  0  0]
 [ 0  0  0  1  0  0  0]
 [ 0  0  0 -1  0  0  0]
 [ 0  0  0  1  0 -1  0]
 [ 0  0  0 -1  0  1  0]
 [ 0  0  1 -1  0  1  0]]
[[ 0  0  0  0  0  0  0]
 [ 0  0  0  1  0  0  0]
 [ 0  0  0 -1  0  0  0]
 [ 0  0  0  1  0 -1  0]
 [ 0  0  0 -1  0  1  0]
 [ 0  0  1 -1  0  1  0]]
361
[[ 0  0  0  0  0  0  0]
 [ 0  0  0  1  0  0  0]
 [ 0  0  0 -1  0 -1  0]
 [ 0  0  0  1  0 -1  0]
 [ 0  0  0 -1  0  1  0]
 [ 0  0  1 -1  0  1  0]]
362
[[ 0  0  0  0  0  0  0]
 [ 0  0  0  1  0  1  0]
 [ 0  0  0 -1  0 -1  0]
 [ 0  0  0  1  0 -1  0]
 [ 0  0 -1 -1  0  1  0]
 [ 0  0  1 -1  0  1  0]]
363
[[ 0  0  0  0  0  0  0]
 [ 0  0  0  1  0  1  0]
 [ 0  0  0 -1  0 -1  0]
 [ 0  0  1  1  0 -1  0]
 [ 0  0 -1 -1  0  1  0]
 [ 0  0  1 -1  0  1  0]]
364
[[ 0  0  0  0  0  0  0]
 [ 0  0  0  1  0  1  0]
 [ 0  0 -1 -1  0 -1  0]
 [ 0  0  1  1  0 -1  0]
 [ 0  0 -1 -1  0  1  0]
 [ 0  0  1 -1  0  1  0]]
365
[[ 0  0  0  0  0  0  0]
 [ 0  0  0  1  0  1  0]
 [ 0  0 -1 -1  0 -1  0]
 [ 0  0  1  1  0 -1  0]
 [ 0  0 -1 -1  0  1  0]
 [ 0  0  1 -1  0  1  1]]
366
[[ 0  0  0 -1  0  0  0]
 [ 0  0  0  1  0  1  0]
 [ 0  0 -1 -1  0 -1  0]
 [ 0  0  1  1  0 -1  0]
 [ 0  0 -1 -1  0  1  0]
 [ 0  0  1 -1  0  1  1]]
367
[[ 0  0  0 -1  0  0  0]
 [ 0  0  0  1  0  1  0]
 [ 0  0 -1 -1  0 -1  0]
 [ 0  0  1  1  0 -1  0]
 [ 0  0 -1 -1  0  1  1]
 [ 0  0  1 -1  0  1  1]]
368
[[ 0  0  0 -1  0  0  0]
 [ 0  0  0  1  0  1  0]
 [ 0  0 -1 -1  0 -1  0]
 [ 0  0  1  1  0 -1 -1]
 [ 0  0 -1 -1  0  1  1]
 [ 0  0  1 -1  0  1  1]]
369
[[ 0  0  0 -1  0  0  0]
 [ 0  0  0  1  0  1  0]
 [ 0  0 -1 -1  0 -1  1]
 [ 0  0  1  1  0 -1 -1]
 [ 0  0 -1 -1  0  1  1]
 [ 0  0  1 -1  0  1  1]]
370
[[ 0  0  0 -1  0  0  0]
 [ 0  0  0  1  0  1 -1]
 [ 0  0 -1 -1  0 -1  1]
 [ 0  0  1  1  0 -1 -1]
 [ 0  0 -1 -1  0  1  1]
 [ 1  0  1 -1  0  1  1]]
371
[[ 0  0  0 -1  0  0  0]
 [ 0  0 -1  1  0  1 -1]
 [ 0  0 -1 -1  0 -1  1]
 [ 0  0  1  1  0 -1 -1]
 [ 1  0 -1 -1  0  1  1]
 [ 1  0  1 -1  0  1  1]]
372
[[ 0  0  1 -1  0  0  0]
 [ 0  0 -1  1  0  1 -1]
 [ 0  0 -1 -1  0 -1  1]
 [-1  0  1  1  0 -1 -1]
 [ 1  0 -1 -1  0  1  1]
 [ 1  0  1 -1  0  1  1]]
373
[[ 0  0  1 -1  0 -1  0]
 [ 0  0 -1  1  0  1 -1]
 [ 1  0 -1 -1  0 -1  1]
 [-1  0  1  1  0 -1 -1]
 [ 1  0 -1 -1  0  1  1]
 [ 1  0  1 -1  0  1  1]]
374
[[ 0  0  1 -1  0 -1  0]
 [-1  0 -1  1  0  1 -1]
 [ 1  0 -1 -1  0 -1  1]
 [-1  0  1  1  0 -1 -1]
 [ 1  0 -1 -1  0  1  1]
 [ 1  0  1 -1  1  1  1]]
375
[[ 0  0  1 -1  0 -1 -1]
 [-1  0 -1  1  0  1 -1]
 [ 1  0 -1 -1  0 -1  1]
 [-1  0  1  1  0 -1 -1]
 [ 1  0 -1 -1  0  1  1]
 [ 1  1  1 -1  1  1  1]]
376
[[ 0  0  0  0  0  0  0]
 [ 0  0  0  0  0  0  0]
 [ 0  0  0  0  0  0  0]
 [ 0  0  0  0  0  0  0]
 [ 1  0  0  0 -1  0  0]
 [ 1  0  0 -1  1  0  0]]
[[ 0  0  0  0  0  0  0]
 [ 0  0  0  0  0  0  0]
 [ 0  0  0  0  0  0  0]
 [ 0  0  0  0  0  0  0]
 [ 1  0  0  0 -1  0  0]
 [ 1  0  0 -1  1  0  0]]
377
[[ 0  0  0  0  0  0  0]
 [ 0  0  0  0  0  0  0]
 [ 0  0  0  0  0  0  0]
 [ 0  0  0  0 -1  0  0]
 [ 1  0  0  0 -1  0  0]
 [ 1  0  0 -1  1  0  0]]
[[ 0  0  0  0  0  0  0]
 [ 0  0  0  0  0  0  0]
 [ 0  0  0  0  0  0  0]
 [ 0  0  0  0 -1  0  0]
 [ 1  0  0  0 -1  0  0]
 [ 1  0  0 -1  1  0  0]]
378
[[ 0  0  0  0  0  0  0]
 [ 0  0  0  0  0  0  0]
 [ 0  0  0  0  0  0  0]
 [ 1  0  0  0 -1  0  0]
 [ 1  0  0  0 -1  0  0]
 [ 1  0  0 -1  1  0  0]]
[[ 0  0  0  0  0  0  0]
 [ 0  0  0  0  0  0  0]
 [ 0  0  0  0  0  0  0]
 [ 1  0  0  0 -1  0  0]
 [ 1  0  0  0 -1  0  0]
 [ 1  0  0 -1  1  0  0]]
379
[[ 0  0  0  0  0  0  0]
 [ 0  0  0  0  0  0  0]
 [-1  0  0  0  0  0  0]
 [ 1  0  0  0 -1  0  0]
 [ 1  0  0  0 -1  0  0]
 [ 1  0  0 -1  1  0  0]]
[[ 0  0  0  0  0  0  0]
 [ 0  0  0  0  0  0  0]
 [-1  0  0  0  0  0  0]
 [ 1  0  0  0 -1  0  0]
 [ 1  0  0  0 -1  0  0]
 [ 1  0  0 -1  1  0  0]]
380
[[ 0  0  0  0  0  0  0]
 [ 0  0  0  0  0  0  0]
 [-1  0  0  0  1  0  0]
 [ 1  0  0  0 -1  0  0]
 [ 1  0  0  0 -1  0  0]
 [ 1  1  0 -1  1  0 -1]]
381
[[ 0  0  0  0  0  0  0]
 [ 0  0  0  0  0  0  0]
 [-1  0  0  0  1  0  0]
 [ 1  0  0  0 -1  0  0]
 [ 1 -1  0  0 -1  0  0]
 [ 1  1  0 -1  1  0 -1]]
382
[[ 0  0  0  0  0  0  0]
 [ 0  0  0  0  0  0  0]
 [-1  0  0  0  1  0  0]
 [ 1  0  0  0 -1  0  0]
 [ 1 -1  0  1 -1  0  0]
 [ 1  1  0 -1  1  0 -1]]
383
[[ 0  0  0  0  0  0  0]
 [ 0  0  0  0  0  0  0]
 [-1  0  0  0  1  0  0]
 [ 1  1  0 -1 -1  0  0]
 [ 1 -1  0  1 -1  0  0]
 [ 1  1  0 -1  1  0 -1]]
384
[[ 0  0  0  0  0  0  0]
 [ 0  0  0  0  0  0  0]
 [-1  0  0 -1  1  0  0]
 [ 1  1  0 -1 -1  0  0]
 [ 1 -1  0  1 -1  0  0]
 [ 1  1  0 -1  1  0 -1]]
385
[[ 0  0  0  0  0  0  0]
 [ 0  0  0  0  0  0  0]
 [-1  1  0 -1  1  0  0]
 [ 1  1  0 -1 -1  0  0]
 [ 1 -1  0  1 -1  0  0]
 [ 1  1  0 -1  1  0 -1]]
386
[[ 0  0  0  0  0  0  0]
 [ 0  0  0 -1  0  0  0]
 [-1  1  0 -1  1  0  0]
 [ 1  1  0 -1 -1  0  0]
 [ 1 -1  0  1 -1  0  0]
 [ 1  1  0 -1  1  0 -1]]
387
[[ 0  0  0  1  0  0  0]
 [ 0  0  0 -1  0  0  0]
 [-1  1  0 -1  1  0  0]
 [ 1  1  0 -1 -1  0  0]
 [ 1 -1  0  1 -1  0  0]
 [ 1  1  0 -1  1  0 -1]]
388
[[ 0  0  0  1  0  0  0]
 [ 1  0  0 -1 -1  0  0]
 [-1  1  0 -1  1  0  0]
 [ 1  1  0 -1 -1  0  0]
 [ 1 -1  0  1 -1  0  0]
 [ 1  1  0 -1  1  0 -1]]
389
[[-1  0  0  1  1  0  0]
 [ 1 -1  0 -1 -1  0  0]
 [-1  1  0 -1  1  0  0]
 [ 1  1  0 -1 -1  0  0]
 [ 1 -1  0  1 -1  0  1]
 [ 1  1  0 -1  1  0 -1]]
390
[[-1  0  0  1  1  0  0]
 [ 1 -1  0 -1 -1  0  0]
 [-1  1  0 -1  1  0  1]
 [ 1  1  0 -1 -1  0 -1]
 [ 1 -1  0  1 -1  0  1]
 [ 1  1  0 -1  1  0 -1]]
391
[[-1  0  0  1  1  0  0]
 [ 1 -1  0 -1 -1  0 -1]
 [-1  1  0 -1  1  0  1]
 [ 1  1  0 -1 -1  0 -1]
 [ 1 -1  0  1 -1  0  1]
 [ 1  1  1 -1  1  0 -1]]
392
[[ 0  0  0  0  0  0  0]
 [ 0  0  0  0  0  0  0]
 [ 0  0  0  0  0  0  0]
 [ 0  0  1  0  0  0  0]
 [ 0  0 -1 -1  0  0  0]
 [ 1  0 -1  1 -1  0  1]]
[[ 0  0  0  0  0  0  0]
 [ 0  0  0  0  0  0  0]
 [ 0  0  0  0  0  0  0]
 [ 0  0  1  0  0  0  0]
 [ 0  0 -1 -1  0  0  0]
 [ 1  0 -1  1 -1  0  1]]
393
[[ 0  0  0  0  0  0  0]
 [ 0  0  0  0  0  0  0]
 [ 0  0  0  0  0  0  0]
 [ 1  0  1 -1  0  0  0]
 [ 1  0 -1 -1  0  0  0]
 [ 1  0 -1  1 -1  0  1]]
394
[[ 0  0  0  0  0  0  0]
 [ 0  0  0  0  0  0  0]
 [-1  0  0  1  0  0  0]
 [ 1  0  1 -1  0  0  0]
 [ 1  0 -1 -1  0  0  0]
 [ 1  0 -1  1 -1  0  1]]
395
[[ 0  0  0  0  0  0  0]
 [ 0  0  0  0  0  0  0]
 [-1  0  0  1  0  0  0]
 [ 1  0  1 -1  0  0  0]
 [ 1  0 -1 -1 -1  0  0]
 [ 1  0 -1  1 -1  0  1]]
396
[[ 0  0  0  0  0  0  0]
 [ 0  0  0 -1  0  0  0]
 [ 0  0  0  1  0  0  0]
 [ 0  0  0 -1  0  0  0]
 [ 0  0  1  1  0  0  0]
 [ 0  0  1 -1  0  0  0]]
[[ 0  0  0  0  0  0  0]
 [ 0  0  0 -1  0  0  0]
 [ 0  0  0  1  0  0  0]
 [ 0  0  0 -1  0  0  0]
 [ 0  0  1  1  0  0  0]
 [ 0  0  1 -1  0  0  0]]
397
[[ 0  0  0  0  0  0  0]
 [ 0  0  0 -1  0  0  0]
 [ 0  0  0  1  0  0  0]
 [ 0  0  0 -1  0  0  0]
 [ 0  0  1  1  0  0  0]
 [ 0  0  1 -1  1 -1  0]]
[[ 0  0  0  0  0  0  0]
 [ 0  0  0 -1  0  0  0]
 [ 0  0  0  1  0  0  0]
 [ 0  0  0 -1  0  0  0]
 [ 0  0  1  1  0  0  0]
 [ 0  0  1 -1  1 -1  0]]
398
[[ 0  0  0  0  0  0  0]
 [ 0  0  0 -1  0  0  0]
 [ 0  0  0  1  0  0  0]
 [ 0  0  0 -1  0  0  0]
 [ 0  0  1  1 -1  0  0]
 [ 0  0  1 -1  1 -1  0]]
399
[[ 0  0  0  0  0  0  0]
 [ 0  0  0 -1  0  0  0]
 [ 0  0  0  1  0  0  0]
 [ 0  0  0 -1  0  0  0]
 [ 0  0  1  1 -1  0  0]
 [ 0  1  1 -1  1 -1  0]]
400
[[ 0  0  0  0  0  0  0]
 [ 0  0  0 -1  0  0  0]
 [ 0  0  0  1  0  0  0]
 [ 0  1  0 -1  0  0  0]
 [ 0 -1  1  1 -1  0  0]
 [ 0  1  1 -1  1 -1  0]]
401
[[ 0  0  0  0  0  0  0]
 [ 0  0  0 -1  0  0  0]
 [ 0 -1  0  1  0  0  0]
 [ 0  1  0 -1  0  0  0]
 [ 0 -1  1  1 -1  0  0]
 [ 0  1  1 -1  1 -1  0]]
402
[[ 0  0  0  0  0  0  0]
 [ 0  0  0 -1  0  0  0]
 [ 0 -1  0  1  0  0  0]
 [ 0  1  0 -1  1  0  0]
 [ 0 -1  1  1 -1  0  0]
 [ 0  1  1 -1  1 -1  0]]
403
[[ 0  0  0 -1  0  0  0]
 [ 0  0  0 -1  0  0  0]
 [ 0 -1  0  1  0  0  0]
 [ 0  1  0 -1  1  0  0]
 [ 0 -1  1  1 -1  0  0]
 [ 0  1  1 -1  1 -1  0]]
404
[[ 0  0  0 -1  0  0  0]
 [ 0  0  0 -1  0  0  0]
 [ 0 -1  0  1  0  0  0]
 [ 0  1  0 -1  1  0  0]
 [ 0 -1  1  1 -1  0  0]
 [ 0  1  1 -1  1 -1  1]]
405
[[ 0  0  0 -1  0  0  0]
 [ 0  0  0 -1  0  0  0]
 [ 0 -1  0  1  0  0  0]
 [ 0  1  0 -1  1  0  0]
 [ 0 -1  1  1 -1 -1  0]
 [ 0  1  1 -1  1 -1  1]]
406
[[ 0  0  0 -1  0  0  0]
 [ 0  0  0 -1  0  0  0]
 [ 0 -1  0  1  1  0  0]
 [ 0  1  0 -1  1  0  0]
 [ 0 -1  1  1 -1 -1  0]
 [ 0  1  1 -1  1 -1  1]]
407
[[ 0  0  0 -1  0  0  0]
 [ 0 -1  0 -1  0  0  0]
 [ 0 -1  0  1  1  0  0]
 [ 0  1  0 -1  1  0  0]
 [ 0 -1  1  1 -1 -1  0]
 [ 0  1  1 -1  1 -1  1]]
408
[[ 0  0  0 -1  0  0  0]
 [ 0 -1  0 -1  0  0  0]
 [ 0 -1  0  1  1  0  0]
 [ 0  1  0 -1  1  1  0]
 [ 0 -1  1  1 -1 -1  0]
 [ 0  1  1 -1  1 -1  1]]
409
[[ 0  0  0 -1  0  0  0]
 [ 0 -1  0 -1  0  0  0]
 [ 0 -1  0  1  1 -1  0]
 [ 0  1  0 -1  1  1  0]
 [ 0 -1  1  1 -1 -1  0]
 [ 0  1  1 -1  1 -1  1]]
410
[[ 0  0  0 -1  0  0  0]
 [ 0 -1  0 -1  1  0  0]
 [ 0 -1  0  1  1 -1  0]
 [ 0  1  0 -1  1  1 -1]
 [ 0 -1  1  1 -1 -1  1]
 [ 0  1  1 -1  1 -1  1]]
411
[[ 0  1  0 -1 -1  0  0]
 [ 0 -1  0 -1  1  0  0]
 [ 0 -1  0  1  1 -1  0]
 [ 0  1  0 -1  1  1 -1]
 [ 0 -1  1  1 -1 -1  1]
 [ 0  1  1 -1  1 -1  1]]
412
[[ 0  1  0 -1 -1  0  0]
 [ 0 -1  0 -1  1  0  0]
 [ 0 -1  0  1  1 -1 -1]
 [ 0  1  0 -1  1  1 -1]
 [ 0 -1  1  1 -1 -1  1]
 [ 1  1  1 -1  1 -1  1]]
413
[[ 0  1  0 -1 -1  0  0]
 [ 0 -1  0 -1  1  0  0]
 [ 0 -1  1  1  1 -1 -1]
 [ 0  1 -1 -1  1  1 -1]
 [ 0 -1  1  1 -1 -1  1]
 [ 1  1  1 -1  1 -1  1]]
414
[[ 0  1  1 -1 -1  0  0]
 [ 0 -1 -1 -1  1  0  0]
 [ 0 -1  1  1  1 -1 -1]
 [ 0  1 -1 -1  1  1 -1]
 [ 0 -1  1  1 -1 -1  1]
 [ 1  1  1 -1  1 -1  1]]
415
[[ 0  1  1 -1 -1  0  0]
 [ 0 -1 -1 -1  1  0  0]
 [ 0 -1  1  1  1 -1 -1]
 [ 1  1 -1 -1  1  1 -1]
 [-1 -1  1  1 -1 -1  1]
 [ 1  1  1 -1  1 -1  1]]
416
[[ 0  1  1 -1 -1  0  0]
 [ 1 -1 -1 -1  1  0  0]
 [-1 -1  1  1  1 -1 -1]
 [ 1  1 -1 -1  1  1 -1]
 [-1 -1  1  1 -1 -1  1]
 [ 1  1  1 -1  1 -1  1]]
